Date,Ticker,Open,High,Low,Close,Volume
2018-01-02,XDWS.MI,28.5,28.6299991607666,28.5,28.530000686645508,1071
2018-01-03,XDWS.MI,28.549999237060547,28.575000762939453,28.46500015258789,28.575000762939453,840
2018-01-04,XDWS.MI,28.55500030517578,28.59000015258789,28.520000457763672,28.565000534057617,348
2018-01-05,XDWS.MI,28.649999618530273,28.7450008392334,28.575000762939453,28.7450008392334,1415
2018-01-08,XDWS.MI,28.80500030517578,28.920000076293945,28.795000076293945,28.844999313354492,3341
2018-01-09,XDWS.MI,29.040000915527344,29.040000915527344,28.96500015258789,29.030000686645508,642
2018-01-10,XDWS.MI,28.940000534057617,28.940000534057617,28.55500030517578,28.704999923706055,2228
2018-01-11,XDWS.MI,28.80500030517578,28.80500030517578,28.4950008392334,28.53499984741211,2820
2018-01-12,XDWS.MI,28.350000381469727,28.420000076293945,28.30500030517578,28.334999084472656,2996
2018-01-15,XDWS.MI,28.299999237060547,28.299999237060547,28.155000686645508,28.21500015258789,332
2018-01-16,XDWS.MI,28.344999313354492,28.399999618530273,28.290000915527344,28.290000915527344,3530
2018-01-17,XDWS.MI,28.315000534057617,28.4950008392334,28.315000534057617,28.454999923706055,250
2018-01-18,XDWS.MI,28.524999618530273,28.524999618530273,28.364999771118164,28.389999389648438,494
2018-01-19,XDWS.MI,28.385000228881836,28.645000457763672,28.385000228881836,28.6200008392334,3304
2018-01-22,XDWS.MI,28.700000762939453,28.815000534057617,28.645000457763672,28.735000610351562,2196
2018-01-23,XDWS.MI,28.799999237060547,28.825000762939453,28.760000228881836,28.809999465942383,874
2018-01-24,XDWS.MI,28.799999237060547,28.799999237060547,28.584999084472656,28.584999084472656,576
2018-01-25,XDWS.MI,28.635000228881836,28.635000228881836,28.315000534057617,28.385000228881836,904
2018-01-26,XDWS.MI,28.454999923706055,28.514999389648438,28.3700008392334,28.4950008392334,842
2018-01-29,XDWS.MI,28.520000457763672,28.579999923706055,28.485000610351562,28.53499984741211,658
2018-01-30,XDWS.MI,28.4950008392334,28.5,28.295000076293945,28.350000381469727,1109
2018-01-31,XDWS.MI,28.354999542236328,28.385000228881836,28.219999313354492,28.239999771118164,1508
2018-02-01,XDWS.MI,28.299999237060547,28.299999237060547,28.100000381469727,28.110000610351562,430
2018-02-02,XDWS.MI,27.924999237060547,28.014999389648438,27.8700008392334,27.889999389648438,2036
2018-02-05,XDWS.MI,27.559999465942383,27.584999084472656,27.395000457763672,27.440000534057617,527
2018-02-06,XDWS.MI,26.704999923706055,26.850000381469727,26.489999771118164,26.65999984741211,3189
2018-02-07,XDWS.MI,26.8700008392334,27.344999313354492,26.8700008392334,27.34000015258789,296
2018-02-08,XDWS.MI,27.125,27.1299991607666,26.889999389648438,26.889999389648438,465
2018-02-09,XDWS.MI,26.770000457763672,26.799999237060547,26.5049991607666,26.5049991607666,18479
2018-02-12,XDWS.MI,26.739999771118164,26.834999084472656,26.735000610351562,26.78499984741211,964
2018-02-13,XDWS.MI,26.674999237060547,26.739999771118164,26.56999969482422,26.59000015258789,1198
2018-02-14,XDWS.MI,26.709999084472656,26.895000457763672,26.635000228881836,26.670000076293945,255
2018-02-15,XDWS.MI,26.594999313354492,26.68000030517578,26.56999969482422,26.649999618530273,846
2018-02-16,XDWS.MI,26.934999465942383,27.114999771118164,26.934999465942383,27.114999771118164,442
2018-02-19,XDWS.MI,27.155000686645508,27.200000762939453,27.030000686645508,27.049999237060547,2240
2018-02-20,XDWS.MI,27.184999465942383,27.184999465942383,26.80500030517578,26.905000686645508,1668
2018-02-21,XDWS.MI,26.825000762939453,26.844999313354492,26.7450008392334,26.80500030517578,3477
2018-02-22,XDWS.MI,26.6299991607666,26.78499984741211,26.59000015258789,26.78499984741211,913
2018-02-23,XDWS.MI,26.774999618530273,26.8700008392334,26.774999618530273,26.8700008392334,283
2018-02-26,XDWS.MI,27.1299991607666,27.1299991607666,27.059999465942383,27.100000381469727,1222
2018-02-27,XDWS.MI,27.190000534057617,27.190000534057617,27.03499984741211,27.03499984741211,85
2018-02-28,XDWS.MI,27.059999465942383,27.059999465942383,26.885000228881836,26.885000228881836,252
2018-03-01,XDWS.MI,26.670000076293945,26.75,26.604999542236328,26.604999542236328,1480
2018-03-02,XDWS.MI,26.549999237060547,26.549999237060547,26.309999465942383,26.309999465942383,183
2018-03-05,XDWS.MI,26.524999618530273,26.565000534057617,26.459999084472656,26.565000534057617,337
2018-03-06,XDWS.MI,26.719999313354492,26.719999313354492,26.459999084472656,26.459999084472656,1530
2018-03-07,XDWS.MI,26.420000076293945,26.459999084472656,26.415000915527344,26.459999084472656,1292
2018-03-08,XDWS.MI,26.44499969482422,26.764999389648438,26.44499969482422,26.7549991607666,1522
2018-03-09,XDWS.MI,26.864999771118164,26.940000534057617,26.864999771118164,26.940000534057617,538
2018-03-12,XDWS.MI,27.065000534057617,27.094999313354492,26.94499969482422,27.014999389648438,13483
2018-03-13,XDWS.MI,26.969999313354492,27.020000457763672,26.729999542236328,26.729999542236328,1582
2018-03-14,XDWS.MI,26.844999313354492,26.875,26.700000762939453,26.700000762939453,1290
2018-03-15,XDWS.MI,26.684999465942383,26.725000381469727,26.614999771118164,26.704999923706055,998
2018-03-16,XDWS.MI,26.6299991607666,26.739999771118164,26.6299991607666,26.729999542236328,205
2018-03-19,XDWS.MI,26.6200008392334,26.6200008392334,26.450000762939453,26.450000762939453,17973
2018-03-20,XDWS.MI,26.364999771118164,26.424999237060547,26.364999771118164,26.424999237060547,77
2018-03-21,XDWS.MI,26.354999542236328,26.354999542236328,26.125,26.21500015258789,348
2018-03-22,XDWS.MI,25.979999542236328,26.125,25.979999542236328,26.125,4200
2018-03-23,XDWS.MI,26.0,26.0,25.8799991607666,25.8799991607666,325
2018-03-26,XDWS.MI,25.780000686645508,25.780000686645508,25.55500030517578,25.55500030517578,2006
2018-03-27,XDWS.MI,25.809999465942383,25.885000228881836,25.809999465942383,25.885000228881836,6
2018-03-28,XDWS.MI,25.774999618530273,26.280000686645508,25.774999618530273,26.280000686645508,2244
2018-03-29,XDWS.MI,26.6200008392334,26.6200008392334,26.614999771118164,26.614999771118164,300
2018-04-03,XDWS.MI,26.170000076293945,26.344999313354492,26.110000610351562,26.344999313354492,1863
2018-04-04,XDWS.MI,26.43000030517578,26.545000076293945,26.155000686645508,26.545000076293945,27733
2018-04-05,XDWS.MI,26.84000015258789,27.049999237060547,26.795000076293945,27.049999237060547,877
2018-04-06,XDWS.MI,26.989999771118164,26.989999771118164,26.899999618530273,26.899999618530273,12
2018-04-09,XDWS.MI,26.895000457763672,26.895000457763672,26.78499984741211,26.825000762939453,1371
2018-04-10,XDWS.MI,26.864999771118164,26.864999771118164,26.649999618530273,26.760000228881836,2124
2018-04-11,XDWS.MI,26.579999923706055,26.604999542236328,26.46500015258789,26.55500030517578,9767
2018-04-12,XDWS.MI,26.479999542236328,26.725000381469727,26.479999542236328,26.684999465942383,2737
2018-04-13,XDWS.MI,26.56999969482422,26.635000228881836,26.549999237060547,26.635000228881836,2119
2018-04-16,XDWS.MI,26.270000457763672,26.68000030517578,26.270000457763672,26.674999237060547,556
2018-04-17,XDWS.MI,26.71500015258789,26.78499984741211,26.684999465942383,26.78499984741211,2042
2018-04-18,XDWS.MI,26.844999313354492,26.8700008392334,26.665000915527344,26.665000915527344,2516
2018-04-19,XDWS.MI,26.625,26.625,26.114999771118164,26.114999771118164,4797
2018-04-20,XDWS.MI,26.1200008392334,26.299999237060547,26.020000457763672,26.020000457763672,929
2018-04-23,XDWS.MI,25.915000915527344,26.014999389648438,25.915000915527344,25.985000610351562,2318
2018-04-24,XDWS.MI,26.1299991607666,26.1299991607666,25.924999237060547,25.934999465942383,1253
2018-04-25,XDWS.MI,25.950000762939453,25.985000610351562,25.950000762939453,25.985000610351562,30
2018-04-26,XDWS.MI,26.094999313354492,26.31999969482422,25.985000610351562,26.31999969482422,4948
2018-04-27,XDWS.MI,26.415000915527344,26.549999237060547,26.415000915527344,26.549999237060547,2613
2018-04-30,XDWS.MI,26.5049991607666,26.684999465942383,26.5049991607666,26.665000915527344,9136
2018-05-02,XDWS.MI,26.459999084472656,26.485000610351562,26.25,26.25,2480
2018-05-03,XDWS.MI,26.09000015258789,26.190000534057617,26.09000015258789,26.09000015258789,2088
2018-05-04,XDWS.MI,26.2549991607666,26.424999237060547,26.2549991607666,26.424999237060547,1396
2018-05-07,XDWS.MI,26.5,26.559999465942383,26.44499969482422,26.489999771118164,1276
2018-05-08,XDWS.MI,26.510000228881836,26.524999618530273,26.43000030517578,26.524999618530273,5068
2018-05-09,XDWS.MI,26.524999618530273,26.559999465942383,26.459999084472656,26.55500030517578,6539
2018-05-10,XDWS.MI,26.604999542236328,26.604999542236328,26.5049991607666,26.604999542236328,1611
2018-05-11,XDWS.MI,26.545000076293945,26.55500030517578,26.4950008392334,26.55500030517578,1570
2018-05-14,XDWS.MI,26.575000762939453,26.584999084472656,26.489999771118164,26.510000228881836,4896
2018-05-15,XDWS.MI,26.485000610351562,26.649999618530273,26.485000610351562,26.575000762939453,1377
2018-05-16,XDWS.MI,26.6299991607666,26.864999771118164,26.6299991607666,26.815000534057617,2267
2018-05-17,XDWS.MI,26.809999465942383,26.934999465942383,26.790000915527344,26.8700008392334,3016
2018-05-18,XDWS.MI,26.954999923706055,26.985000610351562,26.81999969482422,26.81999969482422,1953
2018-05-21,XDWS.MI,26.979999542236328,26.979999542236328,26.899999618530273,26.959999084472656,1298
2018-05-22,XDWS.MI,26.875,27.049999237060547,26.875,26.940000534057617,1446
2018-05-23,XDWS.MI,26.940000534057617,27.014999389648438,26.940000534057617,27.014999389648438,576
2018-05-24,XDWS.MI,27.03499984741211,27.075000762939453,26.979999542236328,27.024999618530273,1238
2018-05-25,XDWS.MI,27.295000076293945,27.350000381469727,27.295000076293945,27.31999969482422,742
2018-05-28,XDWS.MI,27.299999237060547,27.395000457763672,27.299999237060547,27.350000381469727,2796
2018-05-29,XDWS.MI,27.344999313354492,27.40999984741211,27.344999313354492,27.399999618530273,1389
2018-05-30,XDWS.MI,27.260000228881836,27.375,27.260000228881836,27.315000534057617,1432
2018-05-31,XDWS.MI,27.350000381469727,27.420000076293945,27.084999084472656,27.125,1882
2018-06-01,XDWS.MI,27.084999084472656,27.145000457763672,26.985000610351562,27.03499984741211,8098
2018-06-04,XDWS.MI,27.104999542236328,27.200000762939453,27.079999923706055,27.174999237060547,1951
2018-06-05,XDWS.MI,27.190000534057617,27.309999465942383,27.135000228881836,27.135000228881836,1802
2018-06-06,XDWS.MI,26.93000030517578,26.93000030517578,26.729999542236328,26.799999237060547,2433
2018-06-07,XDWS.MI,26.885000228881836,26.905000686645508,26.78499984741211,26.875,1324
2018-06-08,XDWS.MI,26.825000762939453,27.09000015258789,26.825000762939453,27.09000015258789,607
2018-06-11,XDWS.MI,27.059999465942383,27.260000228881836,27.059999465942383,27.2450008392334,1343
2018-06-12,XDWS.MI,27.389999389648438,27.389999389648438,27.315000534057617,27.325000762939453,2812
2018-06-13,XDWS.MI,27.479999542236328,27.479999542236328,27.399999618530273,27.44499969482422,1892
2018-06-14,XDWS.MI,27.135000228881836,27.674999237060547,27.135000228881836,27.674999237060547,1354
2018-06-15,XDWS.MI,27.725000381469727,27.864999771118164,27.725000381469727,27.780000686645508,1408
2018-06-18,XDWS.MI,27.860000610351562,27.860000610351562,27.514999389648438,27.540000915527344,2007
2018-06-19,XDWS.MI,27.44499969482422,27.645000457763672,27.44499969482422,27.6200008392334,2669
2018-06-20,XDWS.MI,27.7450008392334,27.764999389648438,27.725000381469727,27.725000381469727,799
2018-06-21,XDWS.MI,27.674999237060547,27.725000381469727,27.674999237060547,27.725000381469727,1745
2018-06-22,XDWS.MI,27.729999542236328,27.934999465942383,27.729999542236328,27.93000030517578,981
2018-06-25,XDWS.MI,27.729999542236328,27.7549991607666,27.65999984741211,27.65999984741211,1121
2018-06-26,XDWS.MI,27.764999389648438,27.780000686645508,27.690000534057617,27.764999389648438,1195
2018-06-27,XDWS.MI,27.764999389648438,28.020000457763672,27.700000762939453,27.950000762939453,934
2018-06-28,XDWS.MI,27.934999465942383,27.934999465942383,27.735000610351562,27.90999984741211,8849
2018-06-29,XDWS.MI,27.954999923706055,27.954999923706055,27.799999237060547,27.844999313354492,700
2018-07-02,XDWS.MI,27.635000228881836,27.75,27.635000228881836,27.75,838
2018-07-03,XDWS.MI,27.75,27.834999084472656,27.690000534057617,27.829999923706055,1766
2018-07-04,XDWS.MI,27.969999313354492,27.969999313354492,27.899999618530273,27.915000915527344,611
2018-07-05,XDWS.MI,27.795000076293945,27.844999313354492,27.795000076293945,27.80500030517578,2303
2018-07-06,XDWS.MI,27.885000228881836,27.954999923706055,27.885000228881836,27.954999923706055,3235
2018-07-09,XDWS.MI,27.96500015258789,27.96500015258789,27.875,27.940000534057617,2350
2018-07-10,XDWS.MI,28.010000228881836,28.100000381469727,28.010000228881836,28.030000686645508,1869
2018-07-11,XDWS.MI,27.954999923706055,28.065000534057617,27.93000030517578,28.0049991607666,1749
2018-07-12,XDWS.MI,28.065000534057617,28.184999465942383,28.065000534057617,28.149999618530273,2481
2018-07-13,XDWS.MI,28.280000686645508,28.28499984741211,28.19499969482422,28.2549991607666,3491
2018-07-16,XDWS.MI,28.28499984741211,28.28499984741211,28.045000076293945,28.104999542236328,1282
2018-07-17,XDWS.MI,28.110000610351562,28.235000610351562,28.100000381469727,28.229999542236328,2299
2018-07-18,XDWS.MI,28.3700008392334,28.3700008392334,28.155000686645508,28.19499969482422,559
2018-07-19,XDWS.MI,28.165000915527344,28.260000228881836,28.165000915527344,28.260000228881836,1808
2018-07-20,XDWS.MI,28.264999389648438,28.350000381469727,28.264999389648438,28.350000381469727,1098
2018-07-23,XDWS.MI,28.209999084472656,28.30500030517578,28.204999923706055,28.219999313354492,1376
2018-07-24,XDWS.MI,28.145000457763672,28.264999389648438,28.145000457763672,28.190000534057617,1464
2018-07-25,XDWS.MI,28.200000762939453,28.364999771118164,28.190000534057617,28.334999084472656,1134
2018-07-26,XDWS.MI,28.399999618530273,28.649999618530273,28.399999618530273,28.600000381469727,2555
2018-07-27,XDWS.MI,28.670000076293945,28.725000381469727,28.584999084472656,28.709999084472656,4195
2018-07-30,XDWS.MI,28.604999542236328,28.604999542236328,28.459999084472656,28.514999389648438,1155
2018-07-31,XDWS.MI,28.459999084472656,28.579999923706055,28.399999618530273,28.53499984741211,1835
2018-08-01,XDWS.MI,28.5049991607666,28.575000762939453,28.440000534057617,28.485000610351562,4272
2018-08-02,XDWS.MI,28.514999389648438,28.6299991607666,28.514999389648438,28.610000610351562,1195
2018-08-03,XDWS.MI,28.96500015258789,29.040000915527344,28.895000457763672,29.040000915527344,463
2018-08-06,XDWS.MI,29.010000228881836,29.049999237060547,28.93000030517578,29.045000076293945,1623
2018-08-07,XDWS.MI,28.96500015258789,29.010000228881836,28.860000610351562,28.90999984741211,2473
2018-08-08,XDWS.MI,28.78499984741211,28.78499984741211,28.709999084472656,28.764999389648438,890
2018-08-09,XDWS.MI,28.719999313354492,28.795000076293945,28.719999313354492,28.780000686645508,515
2018-08-10,XDWS.MI,28.924999237060547,28.924999237060547,28.774999618530273,28.889999389648438,1026
2018-08-13,XDWS.MI,28.829999923706055,28.829999923706055,28.764999389648438,28.795000076293945,1213
2018-08-14,XDWS.MI,28.934999465942383,29.06999969482422,28.924999237060547,29.06999969482422,313
2018-08-16,XDWS.MI,29.114999771118164,29.290000915527344,29.114999771118164,29.290000915527344,6653
2018-08-17,XDWS.MI,29.375,29.375,29.25,29.350000381469727,434
2018-08-20,XDWS.MI,29.405000686645508,29.469999313354492,29.385000228881836,29.415000915527344,2131
2018-08-21,XDWS.MI,29.25,29.309999465942383,29.065000534057617,29.075000762939453,2671
2018-08-22,XDWS.MI,28.895000457763672,28.950000762939453,28.81999969482422,28.844999313354492,9293
2018-08-23,XDWS.MI,28.795000076293945,28.895000457763672,28.795000076293945,28.825000762939453,747
2018-08-24,XDWS.MI,28.774999618530273,28.774999618530273,28.565000534057617,28.655000686645508,219
2018-08-27,XDWS.MI,28.729999542236328,28.78499984741211,28.6200008392334,28.6200008392334,31655
2018-08-28,XDWS.MI,28.489999771118164,28.55500030517578,28.489999771118164,28.520000457763672,929
2018-08-29,XDWS.MI,28.604999542236328,28.604999542236328,28.485000610351562,28.55500030517578,913
2018-08-30,XDWS.MI,28.485000610351562,28.565000534057617,28.485000610351562,28.565000534057617,547
2018-08-31,XDWS.MI,28.4950008392334,28.610000610351562,28.489999771118164,28.55500030517578,3670
2018-09-03,XDWS.MI,28.520000457763672,28.59000015258789,28.520000457763672,28.549999237060547,46915
2018-09-04,XDWS.MI,28.594999313354492,28.649999618530273,28.540000915527344,28.540000915527344,3358
2018-09-05,XDWS.MI,28.325000762939453,28.360000610351562,28.135000228881836,28.344999313354492,1615
2018-09-06,XDWS.MI,28.344999313354492,28.389999389648438,28.28499984741211,28.360000610351562,280
2018-09-07,XDWS.MI,28.389999389648438,28.514999389648438,28.389999389648438,28.489999771118164,271
2018-09-10,XDWS.MI,28.5049991607666,28.610000610351562,28.5049991607666,28.594999313354492,618
2018-09-11,XDWS.MI,28.485000610351562,28.485000610351562,28.459999084472656,28.46500015258789,12
2018-09-12,XDWS.MI,28.479999542236328,28.69499969482422,28.479999542236328,28.69499969482422,474
2018-09-13,XDWS.MI,28.735000610351562,28.735000610351562,28.530000686645508,28.549999237060547,2291
2018-09-14,XDWS.MI,28.600000381469727,28.614999771118164,28.540000915527344,28.540000915527344,1179
2018-09-17,XDWS.MI,28.584999084472656,28.635000228881836,28.53499984741211,28.565000534057617,959
2018-09-18,XDWS.MI,28.614999771118164,28.639999389648438,28.510000228881836,28.540000915527344,1978
2018-09-19,XDWS.MI,28.434999465942383,28.549999237060547,28.434999465942383,28.514999389648438,95
2018-09-20,XDWS.MI,28.424999237060547,28.540000915527344,28.415000915527344,28.540000915527344,199
2018-09-21,XDWS.MI,28.600000381469727,28.709999084472656,28.600000381469727,28.65999984741211,828
2018-09-24,XDWS.MI,28.520000457763672,28.55500030517578,28.30500030517578,28.309999465942383,227
2018-09-25,XDWS.MI,28.315000534057617,28.315000534057617,28.25,28.315000534057617,424
2018-09-26,XDWS.MI,28.270000457763672,28.459999084472656,28.229999542236328,28.459999084472656,651
2018-09-27,XDWS.MI,28.415000915527344,28.635000228881836,28.415000915527344,28.635000228881836,345
2018-09-28,XDWS.MI,28.690000534057617,28.69499969482422,28.6200008392334,28.6200008392334,104
2018-10-01,XDWS.MI,28.665000915527344,28.7450008392334,28.645000457763672,28.7450008392334,1270
2018-10-02,XDWS.MI,28.655000686645508,28.799999237060547,28.655000686645508,28.725000381469727,8336
2018-10-03,XDWS.MI,28.844999313354492,29.1299991607666,28.844999313354492,28.90999984741211,213
2018-10-04,XDWS.MI,28.454999923706055,28.5,28.344999313354492,28.344999313354492,268
2018-10-05,XDWS.MI,28.415000915527344,28.4950008392334,28.344999313354492,28.364999771118164,1178
2018-10-08,XDWS.MI,28.325000762939453,28.540000915527344,28.325000762939453,28.520000457763672,1862
2018-10-09,XDWS.MI,28.520000457763672,28.625,28.4950008392334,28.625,4290
2018-10-10,XDWS.MI,28.489999771118164,28.489999771118164,28.44499969482422,28.44499969482422,6
2018-10-11,XDWS.MI,27.975000381469727,27.975000381469727,27.7450008392334,27.7450008392334,4093
2018-10-12,XDWS.MI,27.579999923706055,27.674999237060547,27.5,27.5,6613
2018-10-15,XDWS.MI,27.3700008392334,27.670000076293945,27.3700008392334,27.670000076293945,4828
2018-10-16,XDWS.MI,27.7549991607666,27.815000534057617,27.71500015258789,27.815000534057617,1496
2018-10-17,XDWS.MI,27.825000762939453,27.915000915527344,27.815000534057617,27.860000610351562,1463
2018-10-18,XDWS.MI,28.03499984741211,28.165000915527344,28.020000457763672,28.114999771118164,1499
2018-10-19,XDWS.MI,28.165000915527344,28.579999923706055,28.1200008392334,28.479999542236328,6651
2018-10-22,XDWS.MI,28.545000076293945,28.684999465942383,28.520000457763672,28.524999618530273,3969
2018-10-23,XDWS.MI,28.350000381469727,28.360000610351562,28.264999389648438,28.264999389648438,387
2018-10-24,XDWS.MI,28.600000381469727,28.850000381469727,28.600000381469727,28.774999618530273,2060
2018-10-25,XDWS.MI,28.780000686645508,28.80500030517578,28.59000015258789,28.80500030517578,20527
2018-10-26,XDWS.MI,28.635000228881836,28.639999389648438,28.315000534057617,28.40999984741211,969
2018-10-29,XDWS.MI,28.075000762939453,28.774999618530273,28.075000762939453,28.645000457763672,31237
2018-10-30,XDWS.MI,28.639999389648438,28.790000915527344,28.639999389648438,28.75,2720
2018-10-31,XDWS.MI,29.084999084472656,29.094999313354492,28.850000381469727,28.920000076293945,8450
2018-11-01,XDWS.MI,28.915000915527344,28.969999313354492,28.8700008392334,28.969999313354492,3603
2018-11-02,XDWS.MI,29.03499984741211,29.03499984741211,28.84000015258789,28.854999542236328,32408
2018-11-05,XDWS.MI,28.799999237060547,29.114999771118164,28.799999237060547,29.114999771118164,318
2018-11-06,XDWS.MI,29.06999969482422,29.18000030517578,28.975000381469727,29.15999984741211,1677
2018-11-07,XDWS.MI,29.270000457763672,29.270000457763672,29.19499969482422,29.209999084472656,2473
2018-11-08,XDWS.MI,29.44499969482422,29.44499969482422,29.344999313354492,29.424999237060547,5922
2018-11-09,XDWS.MI,29.584999084472656,29.700000762939453,29.584999084472656,29.700000762939453,201
2018-11-12,XDWS.MI,29.729999542236328,29.78499984741211,29.584999084472656,29.735000610351562,3732
2018-11-13,XDWS.MI,29.760000228881836,29.760000228881836,29.530000686645508,29.530000686645508,5055
2018-11-14,XDWS.MI,29.399999618530273,29.399999618530273,29.325000762939453,29.344999313354492,1220
2018-11-15,XDWS.MI,29.43000030517578,29.43000030517578,29.170000076293945,29.170000076293945,1587
2018-11-16,XDWS.MI,29.174999237060547,29.200000762939453,29.045000076293945,29.1299991607666,6862
2018-11-19,XDWS.MI,29.219999313354492,29.219999313354492,28.934999465942383,28.934999465942383,12306
2018-11-20,XDWS.MI,28.850000381469727,28.96500015258789,28.815000534057617,28.815000534057617,137
2018-11-21,XDWS.MI,28.809999465942383,28.829999923706055,28.760000228881836,28.78499984741211,1076
2018-11-22,XDWS.MI,28.625,28.690000534057617,28.600000381469727,28.639999389648438,1783
2018-11-23,XDWS.MI,28.739999771118164,28.975000381469727,28.739999771118164,28.975000381469727,708
2018-11-26,XDWS.MI,28.924999237060547,28.924999237060547,28.854999542236328,28.920000076293945,367
2018-11-27,XDWS.MI,29.0,29.094999313354492,28.920000076293945,29.05500030517578,3823
2018-11-28,XDWS.MI,29.190000534057617,29.21500015258789,29.125,29.200000762939453,2128
2018-11-29,XDWS.MI,29.2549991607666,29.2549991607666,29.100000381469727,29.174999237060547,2278
2018-11-30,XDWS.MI,29.125,29.2450008392334,29.125,29.204999923706055,1785
2018-12-03,XDWS.MI,29.594999313354492,29.6200008392334,29.200000762939453,29.229999542236328,3210
2018-12-04,XDWS.MI,29.344999313354492,29.420000076293945,29.274999618530273,29.420000076293945,420
2018-12-05,XDWS.MI,29.110000610351562,29.145000457763672,29.045000076293945,29.045000076293945,3121
2018-12-06,XDWS.MI,28.854999542236328,28.854999542236328,28.315000534057617,28.315000534057617,38284
2018-12-07,XDWS.MI,28.889999389648438,28.905000686645508,28.68000030517578,28.68000030517578,916
2018-12-10,XDWS.MI,28.375,28.440000534057617,28.260000228881836,28.260000228881836,952
2018-12-11,XDWS.MI,28.5,28.8700008392334,28.5,28.8700008392334,5559
2018-12-12,XDWS.MI,29.020000457763672,29.05500030517578,28.915000915527344,28.915000915527344,183
2018-12-13,XDWS.MI,28.920000076293945,28.94499969482422,28.760000228881836,28.94499969482422,383
2018-12-14,XDWS.MI,28.940000534057617,28.940000534057617,28.690000534057617,28.690000534057617,116
2018-12-17,XDWS.MI,28.610000610351562,28.614999771118164,28.315000534057617,28.315000534057617,782
2018-12-18,XDWS.MI,28.1299991607666,28.1299991607666,27.864999771118164,27.885000228881836,2807
2018-12-19,XDWS.MI,27.770000457763672,27.799999237060547,27.670000076293945,27.7450008392334,4242
2018-12-20,XDWS.MI,27.440000534057617,27.440000534057617,27.325000762939453,27.325000762939453,594
2018-12-21,XDWS.MI,27.15999984741211,27.354999542236328,27.079999923706055,27.31999969482422,1083
2018-12-27,XDWS.MI,26.860000610351562,26.860000610351562,26.459999084472656,26.625,1428
2018-12-28,XDWS.MI,26.280000686645508,27.139999389648438,26.280000686645508,27.0049991607666,2316
2019-01-02,XDWS.MI,26.674999237060547,27.084999084472656,26.674999237060547,27.084999084472656,6672
2019-01-03,XDWS.MI,27.084999084472656,27.09000015258789,26.969999313354492,27.049999237060547,1413
2019-01-04,XDWS.MI,27.010000228881836,27.3700008392334,27.010000228881836,27.3700008392334,16169
2019-01-07,XDWS.MI,27.21500015258789,27.229999542236328,27.21500015258789,27.229999542236328,133
2019-01-08,XDWS.MI,27.350000381469727,27.420000076293945,27.325000762939453,27.420000076293945,44
2019-01-09,XDWS.MI,27.420000076293945,27.420000076293945,27.420000076293945,27.420000076293945,0
2019-01-10,XDWS.MI,27.079999923706055,27.290000915527344,27.045000076293945,27.290000915527344,457
2019-01-11,XDWS.MI,27.3799991607666,27.450000762939453,27.28499984741211,27.450000762939453,740
2019-01-14,XDWS.MI,27.440000534057617,27.440000534057617,27.350000381469727,27.350000381469727,98
2019-01-15,XDWS.MI,27.415000915527344,27.649999618530273,27.399999618530273,27.649999618530273,712
2019-01-16,XDWS.MI,27.735000610351562,27.735000610351562,27.5049991607666,27.5049991607666,683
2019-01-17,XDWS.MI,27.469999313354492,27.704999923706055,27.459999084472656,27.65999984741211,1093
2019-01-18,XDWS.MI,27.739999771118164,28.059999465942383,27.739999771118164,28.059999465942383,89
2019-01-21,XDWS.MI,27.950000762939453,27.969999313354492,27.920000076293945,27.96500015258789,660
2019-01-22,XDWS.MI,27.985000610351562,28.05500030517578,27.864999771118164,27.864999771118164,4538
2019-01-23,XDWS.MI,27.834999084472656,28.079999923706055,27.834999084472656,27.90999984741211,823
2019-01-24,XDWS.MI,28.05500030517578,28.05500030517578,27.78499984741211,27.84000015258789,12615
2019-01-25,XDWS.MI,27.899999618530273,27.940000534057617,27.790000915527344,27.790000915527344,10369
2019-01-28,XDWS.MI,27.524999618530273,27.610000610351562,27.489999771118164,27.610000610351562,18248
2019-01-29,XDWS.MI,27.68000030517578,27.959999084472656,27.68000030517578,27.854999542236328,4757
2019-01-30,XDWS.MI,27.860000610351562,28.079999923706055,27.860000610351562,28.059999465942383,10215
2019-01-31,XDWS.MI,28.0,28.299999237060547,27.969999313354492,28.299999237060547,502
2019-02-01,XDWS.MI,28.5,28.565000534057617,28.325000762939453,28.34000015258789,78529
2019-02-04,XDWS.MI,28.3700008392334,28.549999237060547,28.3700008392334,28.5049991607666,174156
2019-02-05,XDWS.MI,28.719999313354492,28.860000610351562,28.639999389648438,28.834999084472656,11393
2019-02-06,XDWS.MI,28.90999984741211,28.90999984741211,28.799999237060547,28.815000534057617,2676
2019-02-07,XDWS.MI,28.780000686645508,28.80500030517578,28.719999313354492,28.719999313354492,6622
2019-02-08,XDWS.MI,28.700000762939453,28.7450008392334,28.655000686645508,28.7450008392334,6990
2019-02-11,XDWS.MI,28.979999542236328,29.040000915527344,28.94499969482422,29.020000457763672,2617
2019-02-12,XDWS.MI,29.139999389648438,29.155000686645508,29.030000686645508,29.149999618530273,2590
2019-02-13,XDWS.MI,29.204999923706055,29.3700008392334,29.200000762939453,29.34000015258789,2248
2019-02-14,XDWS.MI,29.399999618530273,29.530000686645508,29.139999389648438,29.165000915527344,6241
2019-02-15,XDWS.MI,29.135000228881836,29.475000381469727,29.135000228881836,29.44499969482422,20192
2019-02-18,XDWS.MI,29.395000457763672,29.489999771118164,29.395000457763672,29.454999923706055,1721
2019-02-19,XDWS.MI,29.9950008392334,29.9950008392334,29.354999542236328,29.489999771118164,14490
2019-02-20,XDWS.MI,29.235000610351562,29.514999389648438,29.235000610351562,29.434999465942383,8024
2019-02-21,XDWS.MI,29.415000915527344,29.59000015258789,29.415000915527344,29.55500030517578,8942
2019-02-22,XDWS.MI,29.514999389648438,29.514999389648438,29.329999923706055,29.4950008392334,37022
2019-02-25,XDWS.MI,29.44499969482422,29.469999313354492,29.44499969482422,29.469999313354492,370
2019-02-26,XDWS.MI,29.315000534057617,29.44499969482422,29.28499984741211,29.44499969482422,5894
2019-02-27,XDWS.MI,29.25,29.25,29.1200008392334,29.204999923706055,1093
2019-02-28,XDWS.MI,29.2450008392334,29.28499984741211,29.100000381469727,29.28499984741211,3098
2019-03-01,XDWS.MI,29.360000610351562,29.459999084472656,29.270000457763672,29.299999237060547,3862
2019-03-04,XDWS.MI,29.459999084472656,29.55500030517578,29.440000534057617,29.440000534057617,368
2019-03-05,XDWS.MI,29.475000381469727,29.594999313354492,29.43000030517578,29.594999313354492,1757
2019-03-06,XDWS.MI,29.559999465942383,29.565000534057617,29.469999313354492,29.469999313354492,1180
2019-03-07,XDWS.MI,29.5,29.7450008392334,29.5,29.690000534057617,399
2019-03-08,XDWS.MI,29.71500015258789,29.764999389648438,29.635000228881836,29.649999618530273,703
2019-03-11,XDWS.MI,29.7549991607666,29.850000381469727,29.700000762939453,29.850000381469727,1414
2019-03-12,XDWS.MI,29.799999237060547,29.924999237060547,29.799999237060547,29.834999084472656,1029
2019-03-13,XDWS.MI,29.809999465942383,29.895000457763672,29.80500030517578,29.895000457763672,614
2019-03-14,XDWS.MI,29.885000228881836,30.010000228881836,29.885000228881836,30.010000228881836,98
2019-03-15,XDWS.MI,30.049999237060547,30.174999237060547,30.045000076293945,30.174999237060547,1081
2019-03-18,XDWS.MI,30.094999313354492,30.165000915527344,30.094999313354492,30.165000915527344,622
2019-03-19,XDWS.MI,30.229999542236328,30.329999923706055,30.229999542236328,30.270000457763672,1238
2019-03-20,XDWS.MI,30.364999771118164,30.364999771118164,30.100000381469727,30.100000381469727,1058
2019-03-21,XDWS.MI,30.18000030517578,30.344999313354492,30.18000030517578,30.344999313354492,246
2019-03-22,XDWS.MI,30.375,30.5,30.354999542236328,30.385000228881836,1741
2019-03-25,XDWS.MI,30.204999923706055,30.31999969482422,30.19499969482422,30.31999969482422,459
2019-03-26,XDWS.MI,30.40999984741211,30.684999465942383,30.40999984741211,30.635000228881836,394
2019-03-27,XDWS.MI,30.729999542236328,30.729999542236328,30.59000015258789,30.59000015258789,214
2019-03-28,XDWS.MI,30.69499969482422,30.885000228881836,30.69499969482422,30.78499984741211,330
2019-03-29,XDWS.MI,30.825000762939453,30.895000457763672,30.81999969482422,30.895000457763672,437
2019-04-01,XDWS.MI,30.96500015258789,31.030000686645508,30.905000686645508,30.940000534057617,742
2019-04-02,XDWS.MI,30.940000534057617,30.9950008392334,30.829999923706055,30.875,1034
2019-04-03,XDWS.MI,30.709999084472656,30.934999465942383,30.635000228881836,30.725000381469727,13191
2019-04-04,XDWS.MI,30.725000381469727,30.725000381469727,30.725000381469727,30.725000381469727,0
2019-04-05,XDWS.MI,30.665000915527344,30.700000762939453,30.594999313354492,30.700000762939453,1030
2019-04-08,XDWS.MI,30.6200008392334,30.700000762939453,30.6200008392334,30.645000457763672,134
2019-04-09,XDWS.MI,30.6200008392334,30.635000228881836,30.545000076293945,30.635000228881836,3336
2019-04-10,XDWS.MI,30.719999313354492,30.725000381469727,30.674999237060547,30.704999923706055,2030
2019-04-11,XDWS.MI,30.690000534057617,30.729999542236328,30.690000534057617,30.725000381469727,336
2019-04-12,XDWS.MI,30.614999771118164,30.614999771118164,30.5,30.575000762939453,1568
2019-04-15,XDWS.MI,30.69499969482422,30.7450008392334,30.600000381469727,30.7450008392334,56
2019-04-16,XDWS.MI,30.875,30.875,30.71500015258789,30.780000686645508,9533
2019-04-17,XDWS.MI,30.625,30.770000457763672,30.625,30.770000457763672,595
2019-04-18,XDWS.MI,30.959999084472656,31.110000610351562,30.8799991607666,30.985000610351562,4206
2019-04-23,XDWS.MI,30.90999984741211,31.135000228881836,30.90999984741211,31.135000228881836,1199
2019-04-24,XDWS.MI,31.049999237060547,31.165000915527344,31.0049991607666,31.165000915527344,767
2019-04-25,XDWS.MI,31.170000076293945,31.170000076293945,31.125,31.125,113
2019-04-26,XDWS.MI,31.135000228881836,31.290000915527344,31.135000228881836,31.2549991607666,28
2019-04-29,XDWS.MI,31.354999542236328,31.354999542236328,31.295000076293945,31.295000076293945,170
2019-04-30,XDWS.MI,31.399999618530273,31.454999923706055,31.219999313354492,31.434999465942383,766
2019-05-02,XDWS.MI,31.31999969482422,31.31999969482422,31.190000534057617,31.190000534057617,1694
2019-05-03,XDWS.MI,31.415000915527344,31.440000534057617,31.360000610351562,31.440000534057617,10480
2019-05-06,XDWS.MI,31.100000381469727,31.270000457763672,31.065000534057617,31.270000457763672,321
2019-05-07,XDWS.MI,31.290000915527344,31.329999923706055,31.149999618530273,31.149999618530273,1182
2019-05-08,XDWS.MI,31.049999237060547,31.049999237060547,30.979999542236328,31.040000915527344,3053
2019-05-09,XDWS.MI,30.940000534057617,31.024999618530273,30.729999542236328,30.729999542236328,1500
2019-05-10,XDWS.MI,30.864999771118164,30.940000534057617,30.739999771118164,30.739999771118164,1683
2019-05-13,XDWS.MI,31.0,31.0,30.725000381469727,30.860000610351562,7491
2019-05-14,XDWS.MI,31.024999618530273,31.110000610351562,31.024999618530273,31.110000610351562,320
2019-05-15,XDWS.MI,31.059999465942383,31.290000915527344,31.045000076293945,31.290000915527344,9552
2019-05-16,XDWS.MI,31.475000381469727,31.700000762939453,31.434999465942383,31.700000762939453,1850
2019-05-17,XDWS.MI,31.540000915527344,31.674999237060547,31.46500015258789,31.674999237060547,9006
2019-05-20,XDWS.MI,31.860000610351562,31.860000610351562,31.489999771118164,31.565000534057617,5675
2019-05-21,XDWS.MI,31.549999237060547,31.645000457763672,31.475000381469727,31.485000610351562,3249
2019-05-22,XDWS.MI,31.5049991607666,31.559999465942383,31.344999313354492,31.559999465942383,4130
2019-05-23,XDWS.MI,31.53499984741211,31.540000915527344,31.485000610351562,31.485000610351562,143
2019-05-24,XDWS.MI,31.56999969482422,31.614999771118164,31.405000686645508,31.415000915527344,4116
2019-05-27,XDWS.MI,31.489999771118164,31.524999618530273,31.479999542236328,31.524999618530273,94
2019-05-28,XDWS.MI,31.559999465942383,31.559999465942383,31.315000534057617,31.315000534057617,2178
2019-05-29,XDWS.MI,30.915000915527344,30.96500015258789,30.844999313354492,30.934999465942383,1136
2019-05-30,XDWS.MI,30.940000534057617,31.09000015258789,30.940000534057617,31.014999389648438,531
2019-05-31,XDWS.MI,30.84000015258789,30.84000015258789,30.655000686645508,30.764999389648438,2730
2019-06-03,XDWS.MI,30.579999923706055,30.790000915527344,30.579999923706055,30.780000686645508,829
2019-06-04,XDWS.MI,30.864999771118164,30.950000762939453,30.780000686645508,30.834999084472656,8456
2019-06-05,XDWS.MI,30.94499969482422,31.114999771118164,30.94499969482422,31.114999771118164,4430
2019-06-06,XDWS.MI,31.360000610351562,31.360000610351562,31.125,31.270000457763672,2051
2019-06-07,XDWS.MI,31.489999771118164,31.584999084472656,31.3700008392334,31.559999465942383,5735
2019-06-10,XDWS.MI,31.770000457763672,31.770000457763672,31.579999923706055,31.579999923706055,1616
2019-06-11,XDWS.MI,31.594999313354492,31.700000762939453,31.584999084472656,31.700000762939453,2081
2019-06-12,XDWS.MI,31.665000915527344,31.815000534057617,31.665000915527344,31.735000610351562,2061
2019-06-13,XDWS.MI,31.735000610351562,31.799999237060547,31.725000381469727,31.725000381469727,250
2019-06-14,XDWS.MI,31.790000915527344,31.895000457763672,31.760000228881836,31.895000457763672,457
2019-06-17,XDWS.MI,31.93000030517578,31.93000030517578,31.7549991607666,31.7549991607666,1090
2019-06-18,XDWS.MI,32.040000915527344,32.154998779296875,31.90999984741211,31.90999984741211,30913
2019-06-19,XDWS.MI,31.81999969482422,31.84000015258789,31.729999542236328,31.735000610351562,3224
2019-06-20,XDWS.MI,31.875,32.03499984741211,31.875,31.905000686645508,942
2019-06-21,XDWS.MI,31.934999465942383,31.934999465942383,31.655000686645508,31.815000534057617,2564
2019-06-24,XDWS.MI,31.700000762939453,31.719999313354492,31.625,31.719999313354492,724
2019-06-25,XDWS.MI,31.670000076293945,31.735000610351562,31.614999771118164,31.700000762939453,4632
2019-06-26,XDWS.MI,31.68000030517578,31.68000030517578,31.344999313354492,31.344999313354492,41646
2019-06-27,XDWS.MI,31.295000076293945,31.360000610351562,31.2450008392334,31.290000915527344,3157
2019-06-28,XDWS.MI,31.395000457763672,31.44499969482422,31.385000228881836,31.385000228881836,1070
2019-07-01,XDWS.MI,31.584999084472656,31.684999465942383,31.545000076293945,31.6299991607666,177
2019-07-02,XDWS.MI,31.649999618530273,31.895000457763672,31.614999771118164,31.875,17860
2019-07-03,XDWS.MI,32.099998474121094,32.30500030517578,32.099998474121094,32.30500030517578,996
2019-07-04,XDWS.MI,32.310001373291016,32.44499969482422,32.310001373291016,32.36000061035156,610
2019-07-05,XDWS.MI,32.45000076293945,32.45000076293945,32.20000076293945,32.21500015258789,2058
2019-07-08,XDWS.MI,32.29999923706055,32.415000915527344,32.29999923706055,32.375,3595
2019-07-09,XDWS.MI,32.34000015258789,32.34000015258789,32.244998931884766,32.244998931884766,477
2019-07-10,XDWS.MI,32.1349983215332,32.26499938964844,32.060001373291016,32.22999954223633,1523
2019-07-11,XDWS.MI,32.310001373291016,32.3650016784668,32.220001220703125,32.255001068115234,8991
2019-07-12,XDWS.MI,32.345001220703125,32.35499954223633,32.290000915527344,32.35499954223633,165
2019-07-15,XDWS.MI,32.29499816894531,32.45500183105469,32.279998779296875,32.40999984741211,801
2019-07-16,XDWS.MI,32.3849983215332,32.5,32.3849983215332,32.41999816894531,2798
2019-07-17,XDWS.MI,32.58000183105469,32.584999084472656,32.43000030517578,32.43000030517578,6934
2019-07-18,XDWS.MI,32.474998474121094,32.560001373291016,32.44499969482422,32.560001373291016,420
2019-07-19,XDWS.MI,32.790000915527344,32.790000915527344,32.724998474121094,32.724998474121094,373
2019-07-22,XDWS.MI,32.53499984741211,32.654998779296875,32.46500015258789,32.46500015258789,578
2019-07-23,XDWS.MI,32.560001373291016,32.83000183105469,32.560001373291016,32.76499938964844,2186
2019-07-24,XDWS.MI,32.77000045776367,32.77000045776367,32.67499923706055,32.70500183105469,399
2019-07-25,XDWS.MI,32.68000030517578,32.68000030517578,32.45000076293945,32.61000061035156,184
2019-07-26,XDWS.MI,32.564998626708984,32.85499954223633,32.564998626708984,32.85499954223633,97
2019-07-29,XDWS.MI,33.005001068115234,33.10499954223633,32.959999084472656,33.0099983215332,605
2019-07-30,XDWS.MI,33.084999084472656,33.084999084472656,32.8849983215332,32.92499923706055,705
2019-07-31,XDWS.MI,32.755001068115234,32.79999923706055,32.70000076293945,32.75,45
2019-08-01,XDWS.MI,32.814998626708984,33.064998626708984,32.7400016784668,33.040000915527344,388
2019-08-02,XDWS.MI,32.56999969482422,32.61000061035156,32.3849983215332,32.3849983215332,3135
2019-08-05,XDWS.MI,32.099998474121094,32.099998474121094,31.760000228881836,31.760000228881836,1460
2019-08-06,XDWS.MI,31.4950008392334,31.594999313354492,31.475000381469727,31.475000381469727,521
2019-08-07,XDWS.MI,31.860000610351562,31.860000610351562,31.450000762939453,31.635000228881836,3101
2019-08-08,XDWS.MI,31.915000915527344,32.154998779296875,31.915000915527344,32.154998779296875,2479
2019-08-09,XDWS.MI,32.3849983215332,32.38999938964844,32.095001220703125,32.095001220703125,461
2019-08-12,XDWS.MI,32.255001068115234,32.255001068115234,32.07500076293945,32.07500076293945,985
2019-08-13,XDWS.MI,32.2599983215332,32.28499984741211,32.244998931884766,32.28499984741211,18
2019-08-14,XDWS.MI,32.435001373291016,32.435001373291016,32.165000915527344,32.165000915527344,484
2019-08-16,XDWS.MI,32.68000030517578,32.8849983215332,32.68000030517578,32.80500030517578,48
2019-08-19,XDWS.MI,32.935001373291016,33.084999084472656,32.935001373291016,33.084999084472656,515
2019-08-20,XDWS.MI,33.275001525878906,33.279998779296875,32.90999984741211,32.90999984741211,298
2019-08-21,XDWS.MI,32.900001525878906,33.029998779296875,32.900001525878906,32.974998474121094,154
2019-08-22,XDWS.MI,33.0,33.084999084472656,32.92499923706055,32.92499923706055,115
2019-08-23,XDWS.MI,33.099998474121094,33.15999984741211,32.72999954223633,32.72999954223633,296
2019-08-26,XDWS.MI,32.4900016784668,32.869998931884766,32.4900016784668,32.869998931884766,1045
2019-08-27,XDWS.MI,32.8650016784668,32.97999954223633,32.8650016784668,32.97999954223633,2863
2019-08-28,XDWS.MI,32.86000061035156,33.1349983215332,32.86000061035156,33.1349983215332,166
2019-08-29,XDWS.MI,33.38999938964844,33.505001068115234,33.32500076293945,33.32500076293945,3108
2019-08-30,XDWS.MI,33.5,33.630001068115234,33.5,33.5,594
2019-09-02,XDWS.MI,33.5,33.720001220703125,33.5,33.630001068115234,223
2019-09-03,XDWS.MI,33.72999954223633,33.76499938964844,33.72999954223633,33.755001068115234,108
2019-09-04,XDWS.MI,33.939998626708984,33.94499969482422,33.86000061035156,33.88999938964844,2422
2019-09-05,XDWS.MI,34.07500076293945,34.07500076293945,33.845001220703125,33.845001220703125,1620
2019-09-06,XDWS.MI,33.814998626708984,33.82500076293945,33.70500183105469,33.82500076293945,108
2019-09-09,XDWS.MI,33.95000076293945,33.95000076293945,33.595001220703125,33.64500045776367,3384
2019-09-10,XDWS.MI,33.529998779296875,33.54999923706055,33.31999969482422,33.36000061035156,1456
2019-09-11,XDWS.MI,33.5099983215332,33.70500183105469,33.39500045776367,33.68000030517578,152
2019-09-12,XDWS.MI,33.79999923706055,34.1150016784668,33.6349983215332,33.80500030517578,5487
2019-09-13,XDWS.MI,33.6349983215332,33.6349983215332,33.4900016784668,33.4900016784668,140
2019-09-16,XDWS.MI,33.2599983215332,33.400001525878906,33.2599983215332,33.34000015258789,898
2019-09-17,XDWS.MI,33.27000045776367,33.45000076293945,33.14500045776367,33.38999938964844,34296
2019-09-18,XDWS.MI,33.42499923706055,33.42499923706055,33.29999923706055,33.345001220703125,1246
2019-09-19,XDWS.MI,33.48500061035156,33.48500061035156,33.25,33.41999816894531,5108
2019-09-20,XDWS.MI,33.46500015258789,33.564998626708984,33.44499969482422,33.540000915527344,7904
2019-09-23,XDWS.MI,33.494998931884766,33.60499954223633,33.45000076293945,33.56999969482422,4760
2019-09-24,XDWS.MI,33.709999084472656,33.744998931884766,33.650001525878906,33.70500183105469,2486
2019-09-25,XDWS.MI,33.63999938964844,33.77000045776367,33.54999923706055,33.709999084472656,8012
2019-09-26,XDWS.MI,33.689998626708984,33.90999984741211,33.689998626708984,33.90999984741211,1920
2019-09-27,XDWS.MI,34.03499984741211,34.084999084472656,33.900001525878906,33.92499923706055,2830
2019-09-30,XDWS.MI,33.89500045776367,34.150001525878906,33.845001220703125,34.150001525878906,2356
2019-10-01,XDWS.MI,34.130001068115234,34.130001068115234,33.834999084472656,33.834999084472656,29157
2019-10-02,XDWS.MI,33.7400016784668,33.834999084472656,33.154998779296875,33.19499969482422,13323
2019-10-03,XDWS.MI,33.25,33.25,33.0,33.2400016784668,3354
2019-10-04,XDWS.MI,33.23500061035156,33.5,33.209999084472656,33.48500061035156,3898
2019-10-07,XDWS.MI,33.66999816894531,33.70000076293945,33.584999084472656,33.685001373291016,2385
2019-10-08,XDWS.MI,33.67499923706055,33.67499923706055,33.40999984741211,33.43000030517578,4062
2019-10-09,XDWS.MI,33.4900016784668,33.619998931884766,33.43000030517578,33.43000030517578,3825
2019-10-10,XDWS.MI,33.5,33.53499984741211,33.22999954223633,33.53499984741211,1094
2019-10-11,XDWS.MI,33.599998474121094,33.63999938964844,33.41999816894531,33.45500183105469,1804
2019-10-14,XDWS.MI,33.45000076293945,33.48500061035156,33.36000061035156,33.36000061035156,2647
2019-10-15,XDWS.MI,33.5099983215332,33.5099983215332,33.32500076293945,33.32500076293945,19969
2019-10-16,XDWS.MI,33.32500076293945,33.34000015258789,33.28499984741211,33.28499984741211,4069
2019-10-17,XDWS.MI,33.25,33.25,33.08000183105469,33.16999816894531,1093
2019-10-18,XDWS.MI,33.130001068115234,33.165000915527344,33.05500030517578,33.099998474121094,2488
2019-10-21,XDWS.MI,33.084999084472656,33.084999084472656,32.88999938964844,33.029998779296875,1933
2019-10-22,XDWS.MI,33.0099983215332,33.20000076293945,33.0099983215332,33.150001525878906,1240
2019-10-23,XDWS.MI,33.10499954223633,33.15999984741211,33.03499984741211,33.154998779296875,773
2019-10-24,XDWS.MI,33.150001525878906,33.380001068115234,33.10499954223633,33.334999084472656,1038
2019-10-25,XDWS.MI,33.125,33.26499938964844,33.125,33.2400016784668,1621
2019-10-28,XDWS.MI,33.17499923706055,33.185001373291016,33.05500030517578,33.05500030517578,460
2019-10-29,XDWS.MI,33.02000045776367,33.099998474121094,32.974998474121094,33.099998474121094,1818
2019-10-30,XDWS.MI,33.14500045776367,33.29999923706055,33.14500045776367,33.29999923706055,195
2019-10-31,XDWS.MI,33.20000076293945,33.334999084472656,33.06999969482422,33.14500045776367,5948
2019-11-01,XDWS.MI,33.19499969482422,33.29999923706055,33.10499954223633,33.10499954223633,6926
2019-11-04,XDWS.MI,33.11000061035156,33.255001068115234,33.11000061035156,33.165000915527344,20306
2019-11-05,XDWS.MI,33.095001220703125,33.17499923706055,33.04999923706055,33.17499923706055,279
2019-11-06,XDWS.MI,33.23500061035156,33.435001373291016,33.14500045776367,33.435001373291016,1694
2019-11-07,XDWS.MI,33.505001068115234,33.505001068115234,33.44499969482422,33.44499969482422,1106
2019-11-08,XDWS.MI,33.334999084472656,33.46500015258789,33.30500030517578,33.375,796
2019-11-11,XDWS.MI,33.42499923706055,33.42499923706055,33.29499816894531,33.380001068115234,952
2019-11-12,XDWS.MI,33.44499969482422,33.459999084472656,33.345001220703125,33.459999084472656,351
2019-11-13,XDWS.MI,33.4900016784668,33.650001525878906,33.380001068115234,33.619998931884766,2598
2019-11-14,XDWS.MI,33.650001525878906,33.755001068115234,33.630001068115234,33.630001068115234,860
2019-11-15,XDWS.MI,33.625,33.625,33.400001525878906,33.5,216
2019-11-18,XDWS.MI,33.59000015258789,33.665000915527344,33.564998626708984,33.665000915527344,576
2019-11-19,XDWS.MI,33.64500045776367,33.65999984741211,33.52000045776367,33.52000045776367,1005
2019-11-20,XDWS.MI,33.48500061035156,33.595001220703125,33.42499923706055,33.560001373291016,796
2019-11-21,XDWS.MI,33.459999084472656,33.525001525878906,33.35499954223633,33.435001373291016,789
2019-11-22,XDWS.MI,33.44499969482422,33.52000045776367,33.39500045776367,33.435001373291016,458
2019-11-25,XDWS.MI,33.595001220703125,33.744998931884766,33.595001220703125,33.6150016784668,1080
2019-11-26,XDWS.MI,33.6150016784668,33.84000015258789,33.6150016784668,33.79499816894531,614
2019-11-27,XDWS.MI,33.94499969482422,33.970001220703125,33.8849983215332,33.94499969482422,1025
2019-11-28,XDWS.MI,33.93000030517578,33.93000030517578,33.85499954223633,33.93000030517578,139
2019-11-29,XDWS.MI,33.915000915527344,34.0,33.8849983215332,33.8849983215332,194
2019-12-02,XDWS.MI,33.91999816894531,34.0099983215332,33.470001220703125,33.5099983215332,714
2019-12-03,XDWS.MI,33.525001525878906,33.71500015258789,33.43000030517578,33.435001373291016,916
2019-12-04,XDWS.MI,33.540000915527344,33.63999938964844,33.540000915527344,33.63999938964844,186
2019-12-05,XDWS.MI,33.61000061035156,33.720001220703125,33.525001525878906,33.525001525878906,755
2019-12-06,XDWS.MI,33.76499938964844,34.04999923706055,33.66999816894531,34.04999923706055,254
2019-12-09,XDWS.MI,33.904998779296875,33.92499923706055,33.85499954223633,33.91999816894531,286
2019-12-10,XDWS.MI,33.709999084472656,33.88999938964844,33.689998626708984,33.814998626708984,1860
2019-12-11,XDWS.MI,33.685001373291016,33.78499984741211,33.685001373291016,33.78499984741211,54
2019-12-12,XDWS.MI,33.73500061035156,33.8650016784668,33.720001220703125,33.720001220703125,190
2019-12-13,XDWS.MI,33.67499923706055,33.70000076293945,33.564998626708984,33.65999984741211,478
2019-12-16,XDWS.MI,33.7400016784668,34.06999969482422,33.7400016784668,34.064998626708984,821
2019-12-17,XDWS.MI,33.79999923706055,33.80500030517578,33.709999084472656,33.7599983215332,440
2019-12-18,XDWS.MI,33.974998474121094,33.974998474121094,33.869998931884766,33.869998931884766,158
2019-12-19,XDWS.MI,33.75,33.935001373291016,33.7400016784668,33.935001373291016,904
2019-12-20,XDWS.MI,33.959999084472656,34.3650016784668,33.95500183105469,34.3650016784668,811
2019-12-23,XDWS.MI,34.2599983215332,34.505001068115234,34.2599983215332,34.334999084472656,686
2019-12-27,XDWS.MI,34.279998779296875,34.369998931884766,34.20500183105469,34.220001220703125,1936
2019-12-30,XDWS.MI,34.10499954223633,34.22999954223633,33.96500015258789,33.96500015258789,335
2020-01-02,XDWS.MI,34.2400016784668,34.2400016784668,34.0,34.0099983215332,1540
2020-01-03,XDWS.MI,33.90999984741211,33.96500015258789,33.88999938964844,33.96500015258789,9468
2020-01-06,XDWS.MI,33.744998931884766,33.8849983215332,33.744998931884766,33.8849983215332,633
2020-01-07,XDWS.MI,33.97999954223633,34.084999084472656,33.97999954223633,33.994998931884766,718
2020-01-08,XDWS.MI,33.92499923706055,33.994998931884766,33.89500045776367,33.96500015258789,3645
2020-01-09,XDWS.MI,34.20000076293945,34.26499938964844,34.099998474121094,34.1349983215332,1120
2020-01-10,XDWS.MI,34.279998779296875,34.29499816894531,34.15999984741211,34.19499969482422,865
2020-01-13,XDWS.MI,34.185001373291016,34.19499969482422,34.119998931884766,34.119998931884766,772
2020-01-14,XDWS.MI,34.279998779296875,34.36000061035156,34.209999084472656,34.29499816894531,671
2020-01-15,XDWS.MI,34.404998779296875,34.4900016784668,34.279998779296875,34.470001220703125,837
2020-01-16,XDWS.MI,34.494998931884766,34.595001220703125,34.43000030517578,34.595001220703125,2252
2020-01-17,XDWS.MI,34.79499816894531,34.880001068115234,34.790000915527344,34.82500076293945,223
2020-01-20,XDWS.MI,34.755001068115234,34.814998626708984,34.7400016784668,34.779998779296875,1122
2020-01-21,XDWS.MI,34.61000061035156,34.7599983215332,34.58000183105469,34.7599983215332,1554
2020-01-22,XDWS.MI,34.91999816894531,34.95500183105469,34.84000015258789,34.900001525878906,2390
2020-01-23,XDWS.MI,34.85499954223633,34.94499969482422,34.85499954223633,34.880001068115234,2229
2020-01-24,XDWS.MI,35.06999969482422,35.17499923706055,35.05500030517578,35.060001373291016,2936
2020-01-27,XDWS.MI,34.400001525878906,34.78499984741211,34.400001525878906,34.724998474121094,3844
2020-01-28,XDWS.MI,34.70500183105469,34.845001220703125,34.63999938964844,34.810001373291016,2403
2020-01-29,XDWS.MI,34.79999923706055,34.8650016784668,34.619998931884766,34.76499938964844,4865
2020-01-30,XDWS.MI,34.41999816894531,34.625,34.41999816894531,34.599998474121094,4743
2020-01-31,XDWS.MI,34.599998474121094,34.71500015258789,34.45500183105469,34.45500183105469,817
2020-02-03,XDWS.MI,34.404998779296875,34.4900016784668,34.404998779296875,34.459999084472656,3443
2020-02-04,XDWS.MI,34.72999954223633,34.880001068115234,34.70500183105469,34.869998931884766,3043
2020-02-05,XDWS.MI,34.92499923706055,35.084999084472656,34.8650016784668,35.04999923706055,1872
2020-02-06,XDWS.MI,35.064998626708984,35.369998931884766,35.064998626708984,35.290000915527344,2359
2020-02-07,XDWS.MI,35.209999084472656,35.28499984741211,35.135398864746094,35.28499984741211,8093
2020-02-10,XDWS.MI,35.209999084472656,35.474998474121094,35.20000076293945,35.46500015258789,9350
2020-02-11,XDWS.MI,35.45000076293945,35.58000183105469,35.404998779296875,35.404998779296875,865
2020-02-12,XDWS.MI,35.470001220703125,35.5099983215332,35.369998931884766,35.404998779296875,1409
2020-02-13,XDWS.MI,35.21500015258789,35.5099983215332,35.21500015258789,35.4900016784668,2516
2020-02-14,XDWS.MI,35.505001068115234,35.689998626708984,35.505001068115234,35.6150016784668,1036
2020-02-17,XDWS.MI,35.68000030517578,35.75,35.650001525878906,35.709999084472656,381
2020-02-18,XDWS.MI,35.72999954223633,35.79999923706055,35.654998779296875,35.654998779296875,1054
2020-02-19,XDWS.MI,35.689998626708984,35.900001525878906,35.689998626708984,35.84000015258789,581
2020-02-20,XDWS.MI,35.720001220703125,35.720001220703125,35.564998626708984,35.564998626708984,1499
2020-02-21,XDWS.MI,35.58000183105469,35.595001220703125,35.3650016784668,35.45500183105469,1099
2020-02-24,XDWS.MI,35.209999084472656,35.209999084472656,34.69499969482422,34.69499969482422,24975
2020-02-25,XDWS.MI,34.53499984741211,34.630001068115234,34.244998931884766,34.244998931884766,3845
2020-02-26,XDWS.MI,33.845001220703125,34.1150016784668,33.45000076293945,34.1150016784668,2890
2020-02-27,XDWS.MI,33.209999084472656,33.52000045776367,32.755001068115234,32.82500076293945,45575
2020-02-28,XDWS.MI,32.0,32.0,31.239999771118164,31.239999771118164,7398
2020-03-02,XDWS.MI,31.704999923706055,32.040000915527344,31.045000076293945,31.954999923706055,20048
2020-03-03,XDWS.MI,32.5099983215332,32.77000045776367,32.349998474121094,32.349998474121094,4201
2020-03-04,XDWS.MI,32.75,32.974998474121094,32.720001220703125,32.974998474121094,2523
2020-03-05,XDWS.MI,33.20000076293945,33.28499984741211,32.82500076293945,33.28499984741211,21797
2020-03-06,XDWS.MI,32.79499816894531,32.79999923706055,31.854999542236328,32.154998779296875,28122
2020-03-09,XDWS.MI,30.709999084472656,31.155000686645508,30.459999084472656,31.030000686645508,8457
2020-03-10,XDWS.MI,31.270000457763672,31.665000915527344,30.385000228881836,30.55500030517578,3787
2020-03-11,XDWS.MI,30.985000610351562,31.15999984741211,30.459999084472656,30.459999084472656,4295
2020-03-12,XDWS.MI,29.395000457763672,29.395000457763672,28.065000534057617,28.329999923706055,4455
2020-03-13,XDWS.MI,28.5,29.209999084472656,28.31999969482422,28.350000381469727,3467
2020-03-16,XDWS.MI,28.31999969482422,28.780000686645508,26.209999084472656,28.385000228881836,9411
2020-03-17,XDWS.MI,29.0,29.665000915527344,27.700000762939453,29.475000381469727,1116
2020-03-18,XDWS.MI,29.790000915527344,29.864999771118164,28.459999084472656,29.40999984741211,16770
2020-03-19,XDWS.MI,29.80500030517578,29.975000381469727,29.395000457763672,29.975000381469727,3361
2020-03-20,XDWS.MI,30.28499984741211,30.405000686645508,29.1200008392334,29.1200008392334,2117
2020-03-23,XDWS.MI,28.010000228881836,28.325000762939453,27.350000381469727,27.600000381469727,5436
2020-03-24,XDWS.MI,28.2549991607666,28.59000015258789,27.875,28.59000015258789,3003
2020-03-25,XDWS.MI,28.940000534057617,28.940000534057617,28.219999313354492,28.7549991607666,4849
2020-03-26,XDWS.MI,28.299999237060547,29.299999237060547,28.200000762939453,29.299999237060547,932
2020-03-27,XDWS.MI,29.399999618530273,29.479999542236328,29.049999237060547,29.2549991607666,1075
2020-03-30,XDWS.MI,29.18000030517578,30.065000534057617,29.165000915527344,30.020000457763672,4968
2020-03-31,XDWS.MI,30.375,30.475000381469727,30.114999771118164,30.415000915527344,7782
2020-04-01,XDWS.MI,29.575000762939453,30.05500030517578,29.375,29.780000686645508,14872
2020-04-02,XDWS.MI,29.780000686645508,30.020000457763672,29.635000228881836,30.020000457763672,762
2020-04-03,XDWS.MI,30.375,30.774999618530273,30.260000228881836,30.420000076293945,2431
2020-04-06,XDWS.MI,31.354999542236328,31.454999923706055,31.15999984741211,31.360000610351562,8846
2020-04-07,XDWS.MI,31.96500015258789,31.96500015258789,31.479999542236328,31.829999923706055,5781
2020-04-08,XDWS.MI,31.114999771118164,31.52239990234375,31.045000076293945,31.434999465942383,9897
2020-04-09,XDWS.MI,31.719999313354492,31.96500015258789,31.30500030517578,31.799999237060547,6140
2020-04-14,XDWS.MI,32.0,32.23500061035156,31.719999313354492,32.099998474121094,5814
2020-04-15,XDWS.MI,32.220001220703125,32.57500076293945,32.0099983215332,32.0099983215332,4103
2020-04-16,XDWS.MI,32.310001373291016,32.40999984741211,32.150001525878906,32.40999984741211,9486
2020-04-17,XDWS.MI,33.060001373291016,33.095001220703125,32.3849983215332,32.41999816894531,10182
2020-04-20,XDWS.MI,32.75,32.82500076293945,32.45500183105469,32.810001373291016,8268
2020-04-21,XDWS.MI,32.400001525878906,32.5,31.780000686645508,31.780000686645508,2938
2020-04-22,XDWS.MI,32.04499816894531,32.20500183105469,31.924999237060547,32.154998779296875,2548
2020-04-23,XDWS.MI,32.0,32.35499954223633,32.0,32.20500183105469,2235
2020-04-24,XDWS.MI,32.20500183105469,32.22999954223633,32.04999923706055,32.11000061035156,2993
2020-04-27,XDWS.MI,32.380001068115234,32.43000030517578,32.279998779296875,32.310001373291016,1203
2020-04-28,XDWS.MI,32.39500045776367,32.73500061035156,32.39500045776367,32.6150016784668,3544
2020-04-29,XDWS.MI,32.56999969482422,33.084999084472656,32.45500183105469,32.494998931884766,3073
2020-04-30,XDWS.MI,32.30500030517578,32.47999954223633,31.969999313354492,31.969999313354492,8643
2020-05-04,XDWS.MI,31.450000762939453,31.450000762939453,31.209999084472656,31.299999237060547,10469
2020-05-05,XDWS.MI,31.540000915527344,31.825000762939453,31.540000915527344,31.825000762939453,3403
2020-05-06,XDWS.MI,31.860000610351562,31.920000076293945,31.674999237060547,31.674999237060547,3967
2020-05-07,XDWS.MI,31.875,31.93000030517578,31.75,31.78499984741211,2541
2020-05-08,XDWS.MI,31.864999771118164,32.040000915527344,31.825000762939453,32.040000915527344,984
2020-05-11,XDWS.MI,32.314998626708984,32.314998626708984,32.060001373291016,32.255001068115234,1217
2020-05-12,XDWS.MI,32.22999954223633,32.36000061035156,32.22999954223633,32.36000061035156,1082
2020-05-13,XDWS.MI,32.0099983215332,32.04999923706055,31.760000228881836,31.8799991607666,17639
2020-05-14,XDWS.MI,31.704999923706055,31.709999084472656,31.270000457763672,31.270000457763672,3421
2020-05-15,XDWS.MI,31.729999542236328,31.729999542236328,31.405000686645508,31.575000762939453,565
2020-05-18,XDWS.MI,31.989999771118164,32.255001068115234,31.989999771118164,32.189998626708984,2676
2020-05-19,XDWS.MI,31.959999084472656,31.959999084472656,31.78499984741211,31.860000610351562,3470
2020-05-20,XDWS.MI,31.7549991607666,31.764999389648438,31.600000381469727,31.729999542236328,4262
2020-05-21,XDWS.MI,31.59000015258789,31.69499969482422,31.5049991607666,31.5049991607666,2970
2020-05-22,XDWS.MI,31.469999313354492,31.645000457763672,31.469999313354492,31.645000457763672,2016
2020-05-25,XDWS.MI,31.825000762939453,32.005001068115234,31.825000762939453,31.954999923706055,1166
2020-05-26,XDWS.MI,31.950000762939453,31.950000762939453,31.81999969482422,31.850000381469727,2560
2020-05-27,XDWS.MI,31.93000030517578,31.93000030517578,31.7549991607666,31.875,5706
2020-05-28,XDWS.MI,32.20000076293945,32.36000061035156,32.189998626708984,32.32500076293945,4143
2020-05-29,XDWS.MI,31.989999771118164,32.08000183105469,31.829999923706055,31.829999923706055,11255
2020-06-01,XDWS.MI,32.13999938964844,32.30500030517578,32.125,32.29499816894531,3924
2020-06-02,XDWS.MI,32.38999938964844,32.439998626708984,32.15999984741211,32.15999984741211,9598
2020-06-03,XDWS.MI,32.279998779296875,32.415000915527344,32.17499923706055,32.38999938964844,6522
2020-06-04,XDWS.MI,32.415000915527344,32.42499923706055,32.084999084472656,32.09000015258789,8669
2020-06-05,XDWS.MI,32.060001373291016,32.40999984741211,32.040000915527344,32.40999984741211,21443
2020-06-08,XDWS.MI,32.334999084472656,32.474998474121094,32.255001068115234,32.474998474121094,6150
2020-06-09,XDWS.MI,32.5,32.67499923706055,32.2599983215332,32.30500030517578,6190
2020-06-10,XDWS.MI,32.42499923706055,32.4900016784668,32.255001068115234,32.459999084472656,8807
2020-06-11,XDWS.MI,32.44499969482422,32.44499969482422,31.649999618530273,31.655000686645508,48208
2020-06-12,XDWS.MI,31.520000457763672,31.735000610351562,31.440000534057617,31.479999542236328,10803
2020-06-15,XDWS.MI,31.0,31.364999771118164,30.860000610351562,31.315000534057617,8134
2020-06-16,XDWS.MI,31.770000457763672,32.2599983215332,31.704999923706055,32.17499923706055,31222
2020-06-17,XDWS.MI,32.36000061035156,32.540000915527344,32.36000061035156,32.45000076293945,903
2020-06-18,XDWS.MI,32.43000030517578,32.45500183105469,32.279998779296875,32.349998474121094,4930
2020-06-19,XDWS.MI,32.60499954223633,32.78499984741211,32.56999969482422,32.78499984741211,4759
2020-06-22,XDWS.MI,32.44499969482422,32.44499969482422,32.20500183105469,32.20500183105469,6914
2020-06-23,XDWS.MI,32.290000915527344,32.32500076293945,32.2400016784668,32.314998626708984,1838
2020-06-24,XDWS.MI,31.90999984741211,31.979999542236328,31.639999389648438,31.639999389648438,2764
2020-06-25,XDWS.MI,31.540000915527344,31.809999465942383,31.540000915527344,31.809999465942383,3643
2020-06-26,XDWS.MI,31.93000030517578,32.11000061035156,31.764999389648438,31.774999618530273,3063
2020-06-29,XDWS.MI,32.0,32.0,31.440000534057617,31.84000015258789,875
2020-06-30,XDWS.MI,31.954999923706055,31.959999084472656,31.799999237060547,31.924999237060547,985
2020-07-01,XDWS.MI,31.905000686645508,32.064998626708984,31.889999389648438,31.889999389648438,2937
2020-07-02,XDWS.MI,32.064998626708984,32.30500030517578,32.064998626708984,32.29999923706055,1323
2020-07-03,XDWS.MI,32.20000076293945,32.20000076293945,31.989999771118164,31.989999771118164,3330
2020-07-06,XDWS.MI,32.255001068115234,32.29999923706055,32.01499938964844,32.150001525878906,1967
2020-07-07,XDWS.MI,32.03499984741211,32.16999816894531,32.02000045776367,32.16999816894531,1646
2020-07-08,XDWS.MI,32.30500030517578,32.36000061035156,32.154998779296875,32.154998779296875,4525
2020-07-09,XDWS.MI,32.20000076293945,32.209999084472656,31.924999237060547,31.924999237060547,7978
2020-07-10,XDWS.MI,32.08000183105469,32.32500076293945,32.08000183105469,32.32500076293945,2325
2020-07-13,XDWS.MI,32.58000183105469,32.63999938964844,32.39500045776367,32.63999938964844,2334
2020-07-14,XDWS.MI,32.334999084472656,32.380001068115234,32.165000915527344,32.380001068115234,3413
2020-07-15,XDWS.MI,32.70000076293945,32.90999984741211,32.61000061035156,32.880001068115234,4231
2020-07-16,XDWS.MI,32.540000915527344,32.56999969482422,32.435001373291016,32.56999969482422,9969
2020-07-17,XDWS.MI,32.724998474121094,32.7400016784668,32.584999084472656,32.66999816894531,5208
2020-07-20,XDWS.MI,32.375,32.6349983215332,32.375,32.459999084472656,10047
2020-07-21,XDWS.MI,32.64500045776367,32.82500076293945,32.57500076293945,32.77000045776367,3660
2020-07-22,XDWS.MI,32.369998931884766,32.375,32.255001068115234,32.310001373291016,4994
2020-07-23,XDWS.MI,32.775001525878906,32.900001525878906,32.71500015258789,32.80500030517578,2016
2020-07-24,XDWS.MI,32.67499923706055,32.67499923706055,32.525001525878906,32.525001525878906,583
2020-07-27,XDWS.MI,32.46500015258789,32.51499938964844,32.279998779296875,32.3650016784668,5341
2020-07-28,XDWS.MI,32.5,32.665000915527344,32.369998931884766,32.665000915527344,4591
2020-07-29,XDWS.MI,32.709999084472656,32.75,32.69499969482422,32.70000076293945,4184
2020-07-30,XDWS.MI,32.58000183105469,32.58000183105469,32.255001068115234,32.349998474121094,1655
2020-07-31,XDWS.MI,32.150001525878906,32.27000045776367,32.040000915527344,32.10499954223633,1758
2020-08-03,XDWS.MI,32.400001525878906,32.4900016784668,32.11000061035156,32.42499923706055,41913
2020-08-04,XDWS.MI,32.209999084472656,32.4900016784668,32.185001373291016,32.4900016784668,1506
2020-08-05,XDWS.MI,32.599998474121094,32.599998474121094,32.244998931884766,32.244998931884766,500
2020-08-06,XDWS.MI,32.130001068115234,32.22999954223633,32.119998931884766,32.119998931884766,3464
2020-08-07,XDWS.MI,32.14500045776367,32.255001068115234,32.14500045776367,32.21500015258789,48
2020-08-10,XDWS.MI,32.42499923706055,32.43000030517578,32.349998474121094,32.43000030517578,1652
2020-08-11,XDWS.MI,32.599998474121094,32.69499969482422,32.474998474121094,32.4900016784668,11873
2020-08-12,XDWS.MI,32.59000015258789,32.810001373291016,32.584999084472656,32.790000915527344,3660
2020-08-13,XDWS.MI,32.75,32.75,32.54999923706055,32.75,3290
2020-08-14,XDWS.MI,32.619998931884766,32.66999816894531,32.494998931884766,32.63999938964844,212
2020-08-17,XDWS.MI,32.6150016784668,32.76499938964844,32.60499954223633,32.76499938964844,1562
2020-08-18,XDWS.MI,32.665000915527344,32.665000915527344,32.56999969482422,32.599998474121094,583
2020-08-19,XDWS.MI,32.72999954223633,32.80500030517578,32.685001373291016,32.790000915527344,1139
2020-08-20,XDWS.MI,32.70500183105469,32.71500015258789,32.595001220703125,32.619998931884766,2710
2020-08-21,XDWS.MI,32.619998931884766,32.7599983215332,32.61000061035156,32.63999938964844,331
2020-08-24,XDWS.MI,32.880001068115234,33.0,32.70000076293945,33.0,2846
2020-08-25,XDWS.MI,32.845001220703125,32.845001220703125,32.79999923706055,32.810001373291016,6384
2020-08-26,XDWS.MI,32.834999084472656,32.935001373291016,32.75,32.79999923706055,167
2020-08-27,XDWS.MI,32.8849983215332,33.17499923706055,32.8849983215332,33.10499954223633,745
2020-08-28,XDWS.MI,32.875,32.9900016784668,32.665000915527344,32.755001068115234,11656
2020-08-31,XDWS.MI,33.0099983215332,33.0099983215332,32.619998931884766,32.619998931884766,22262
2020-09-01,XDWS.MI,32.744998931884766,32.744998931884766,32.47999954223633,32.61000061035156,1766
2020-09-02,XDWS.MI,32.96500015258789,33.33000183105469,32.935001373291016,33.33000183105469,2757
2020-09-03,XDWS.MI,33.65999984741211,33.65999984741211,33.13999938964844,33.13999938964844,1992
2020-09-04,XDWS.MI,32.98500061035156,33.165000915527344,32.595001220703125,32.625,1600
2020-09-07,XDWS.MI,32.845001220703125,33.0099983215332,32.810001373291016,32.98500061035156,721
2020-09-08,XDWS.MI,33.005001068115234,33.03499984741211,32.45500183105469,32.529998779296875,1864
2020-09-09,XDWS.MI,32.68000030517578,33.025001525878906,32.68000030517578,33.025001525878906,8392
2020-09-10,XDWS.MI,32.915000915527344,32.94499969482422,32.71500015258789,32.79499816894531,1561
2020-09-11,XDWS.MI,32.814998626708984,32.875,32.69499969482422,32.834999084472656,6069
2020-09-14,XDWS.MI,32.8650016784668,32.875,32.744998931884766,32.8650016784668,3361
2020-09-15,XDWS.MI,32.755001068115234,33.029998779296875,32.755001068115234,33.029998779296875,2126
2020-09-16,XDWS.MI,33.02000045776367,33.095001220703125,32.95500183105469,33.095001220703125,279
2020-09-17,XDWS.MI,32.7599983215332,32.81999969482422,32.689998626708984,32.81999969482422,573
2020-09-18,XDWS.MI,32.70500183105469,32.82500076293945,32.54999923706055,32.54999923706055,784
2020-09-21,XDWS.MI,32.29999923706055,32.29999923706055,32.15999984741211,32.19499969482422,5722
2020-09-22,XDWS.MI,32.345001220703125,32.59000015258789,32.31999969482422,32.59000015258789,950
2020-09-23,XDWS.MI,32.790000915527344,32.8650016784668,32.70500183105469,32.70500183105469,2147
2020-09-24,XDWS.MI,32.45000076293945,32.55500030517578,32.435001373291016,32.435001373291016,2106
2020-09-25,XDWS.MI,32.59000015258789,32.64500045776367,32.435001373291016,32.599998474121094,1334
2020-09-28,XDWS.MI,33.0,33.154998779296875,32.89500045776367,33.154998779296875,5287
2020-09-29,XDWS.MI,32.95500183105469,32.994998931884766,32.7400016784668,32.7400016784668,1845
2020-09-30,XDWS.MI,32.654998779296875,32.95000076293945,32.654998779296875,32.91999816894531,1183
2020-10-01,XDWS.MI,33.01499938964844,33.10499954223633,32.814998626708984,33.0,1556
2020-10-02,XDWS.MI,32.81999969482422,33.0,32.810001373291016,33.0,4679
2020-10-05,XDWS.MI,33.084999084472656,33.095001220703125,33.0099983215332,33.04499816894531,1736
2020-10-06,XDWS.MI,32.9900016784668,33.07500076293945,32.9900016784668,33.0099983215332,1553
2020-10-07,XDWS.MI,33.02000045776367,33.03499984741211,32.95500183105469,33.03499984741211,1395
2020-10-08,XDWS.MI,33.130001068115234,33.310001373291016,33.130001068115234,33.27000045776367,553
2020-10-09,XDWS.MI,33.369998931884766,33.380001068115234,33.28499984741211,33.380001068115234,2046
2020-10-12,XDWS.MI,33.334999084472656,33.755001068115234,33.334999084472656,33.755001068115234,1268
2020-10-13,XDWS.MI,33.630001068115234,33.7400016784668,33.540000915527344,33.71500015258789,4570
2020-10-14,XDWS.MI,33.875,33.92499923706055,33.63999938964844,33.689998626708984,1567
2020-10-15,XDWS.MI,33.630001068115234,33.630001068115234,33.35499954223633,33.439998626708984,2663
2020-10-16,XDWS.MI,33.6150016784668,33.744998931884766,33.53499984741211,33.689998626708984,3143
2020-10-19,XDWS.MI,33.7400016784668,33.744998931884766,33.314998626708984,33.314998626708984,11590
2020-10-20,XDWS.MI,33.189998626708984,33.310001373291016,33.14500045776367,33.17499923706055,4805
2020-10-21,XDWS.MI,32.96500015258789,33.060001373291016,32.875,32.875,1273
2020-10-22,XDWS.MI,32.665000915527344,33.0099983215332,32.65999984741211,32.904998779296875,614
2020-10-23,XDWS.MI,33.0,33.029998779296875,32.900001525878906,32.939998626708984,1863
2020-10-26,XDWS.MI,32.80500030517578,32.80500030517578,32.54999923706055,32.54999923706055,3070
2020-10-27,XDWS.MI,32.65999984741211,32.724998474121094,32.599998474121094,32.67499923706055,5987
2020-10-28,XDWS.MI,32.2400016784668,32.525001525878906,31.94499969482422,31.94499969482422,2676
2020-10-29,XDWS.MI,31.825000762939453,32.04499816894531,31.649999618530273,31.8700008392334,8861
2020-10-30,XDWS.MI,31.809999465942383,31.920000076293945,31.604999542236328,31.905000686645508,8317
2020-11-02,XDWS.MI,32.060001373291016,32.525001525878906,32.060001373291016,32.3849983215332,2096
2020-11-03,XDWS.MI,32.525001525878906,32.834999084472656,32.525001525878906,32.834999084472656,3766
2020-11-04,XDWS.MI,32.45500183105469,33.20000076293945,32.45500183105469,33.16999816894531,4965
2020-11-05,XDWS.MI,33.060001373291016,33.060001373291016,32.91999816894531,32.970001220703125,619
2020-11-06,XDWS.MI,32.775001525878906,32.95000076293945,32.77000045776367,32.915000915527344,1575
2020-11-09,XDWS.MI,33.1150016784668,34.744998931884766,33.1150016784668,33.709999084472656,7471
2020-11-10,XDWS.MI,33.30500030517578,33.709999084472656,33.30500030517578,33.709999084472656,2280
2020-11-11,XDWS.MI,33.98500061035156,34.23500061035156,33.97999954223633,34.23500061035156,4157
2020-11-12,XDWS.MI,34.0,34.04499816894531,33.970001220703125,34.0099983215332,602
2020-11-13,XDWS.MI,33.970001220703125,34.060001373291016,33.959999084472656,33.9900016784668,3518
2020-11-16,XDWS.MI,34.599998474121094,34.599998474121094,34.33000183105469,34.35499954223633,4057
2020-11-17,XDWS.MI,34.2400016784668,34.290000915527344,34.064998626708984,34.290000915527344,2960
2020-11-18,XDWS.MI,34.119998931884766,34.244998931884766,34.119998931884766,34.23500061035156,731
2020-11-19,XDWS.MI,33.98500061035156,33.98500061035156,33.77000045776367,33.77000045776367,1449
2020-11-20,XDWS.MI,33.8849983215332,33.89500045776367,33.75,33.79499816894531,1031
2020-11-23,XDWS.MI,33.72999954223633,33.775001525878906,33.56999969482422,33.619998931884766,1815
2020-11-24,XDWS.MI,33.70500183105469,33.7400016784668,33.6150016784668,33.6349983215332,18170
2020-11-25,XDWS.MI,33.595001220703125,33.724998474121094,33.595001220703125,33.724998474121094,1101
2020-11-26,XDWS.MI,33.72999954223633,33.79999923706055,33.72999954223633,33.72999954223633,2711
2020-11-27,XDWS.MI,33.71500015258789,33.744998931884766,33.63999938964844,33.63999938964844,5521
2020-11-30,XDWS.MI,33.53499984741211,33.64500045776367,33.35499954223633,33.35499954223633,2622
2020-12-01,XDWS.MI,33.66999816894531,33.70000076293945,33.39500045776367,33.39500045776367,6017
2020-12-02,XDWS.MI,33.36000061035156,33.36000061035156,33.14500045776367,33.14500045776367,784
2020-12-03,XDWS.MI,33.1150016784668,33.1150016784668,32.904998779296875,33.01499938964844,1264
2020-12-04,XDWS.MI,33.040000915527344,33.17499923706055,33.040000915527344,33.15999984741211,1228
2020-12-07,XDWS.MI,33.220001220703125,33.220001220703125,33.130001068115234,33.130001068115234,540
2020-12-08,XDWS.MI,33.16999816894531,33.404998779296875,33.130001068115234,33.404998779296875,567
2020-12-09,XDWS.MI,33.470001220703125,33.470001220703125,33.33000183105469,33.45500183105469,1600
2020-12-10,XDWS.MI,33.54999923706055,33.55500030517578,33.40999984741211,33.40999984741211,622
2020-12-11,XDWS.MI,33.25,33.35499954223633,33.03499984741211,33.314998626708984,666
2020-12-14,XDWS.MI,33.5,33.52000045776367,33.375,33.375,240
2020-12-15,XDWS.MI,33.334999084472656,33.3849983215332,33.21500015258789,33.23500061035156,2080
2020-12-16,XDWS.MI,33.20500183105469,33.34000015258789,33.18000030517578,33.31999969482422,2065
2020-12-17,XDWS.MI,33.310001373291016,33.33000183105469,33.220001220703125,33.30500030517578,1893
2020-12-18,XDWS.MI,33.21500015258789,33.36000061035156,33.21500015258789,33.25,36680
2020-12-21,XDWS.MI,33.08000183105469,33.08000183105469,32.724998474121094,32.79499816894531,8535
2020-12-22,XDWS.MI,32.849998474121094,33.099998474121094,32.849998474121094,33.099998474121094,1493
2020-12-23,XDWS.MI,33.10499954223633,33.10499954223633,33.06999969482422,33.06999969482422,1125
2020-12-28,XDWS.MI,33.29499816894531,33.47999954223633,33.29499816894531,33.41999816894531,938
2020-12-29,XDWS.MI,33.70500183105469,33.70500183105469,33.60499954223633,33.66999816894531,987
2020-12-30,XDWS.MI,33.525001525878906,33.54499816894531,33.42499923706055,33.505001068115234,684
2021-01-04,XDWS.MI,33.709999084472656,33.709999084472656,33.345001220703125,33.345001220703125,320
2021-01-05,XDWS.MI,33.345001220703125,33.3849983215332,33.21500015258789,33.21500015258789,15251
2021-01-06,XDWS.MI,33.21500015258789,33.21500015258789,33.21500015258789,33.21500015258789,0
2021-01-07,XDWS.MI,33.369998931884766,33.369998931884766,33.29999923706055,33.29999923706055,3141
2021-01-08,XDWS.MI,33.51499938964844,33.51499938964844,33.19499969482422,33.2599983215332,3063
2021-01-11,XDWS.MI,33.34000015258789,33.400001525878906,33.33000183105469,33.35499954223633,3250
2021-01-12,XDWS.MI,33.19499969482422,33.19499969482422,33.099998474121094,33.099998474121094,568
2021-01-13,XDWS.MI,33.03499984741211,33.165000915527344,33.03499984741211,33.154998779296875,7891
2021-01-14,XDWS.MI,33.26499938964844,33.334999084472656,33.154998779296875,33.154998779296875,965
2021-01-15,XDWS.MI,33.095001220703125,33.18000030517578,32.9900016784668,33.1349983215332,8477
2021-01-18,XDWS.MI,33.09000015258789,33.220001220703125,33.09000015258789,33.20000076293945,4650
2021-01-19,XDWS.MI,33.130001068115234,33.15999984741211,32.959999084472656,32.959999084472656,877
2021-01-20,XDWS.MI,32.9900016784668,33.03499984741211,32.939998626708984,32.939998626708984,1491
2021-01-21,XDWS.MI,33.04999923706055,33.04999923706055,32.880001068115234,32.90999984741211,3894
2021-01-22,XDWS.MI,32.7599983215332,32.845001220703125,32.75,32.775001525878906,3063
2021-01-25,XDWS.MI,32.90999984741211,33.10499954223633,32.7599983215332,33.04999923706055,2083
2021-01-26,XDWS.MI,33.18000030517578,33.22999954223633,33.16999816894531,33.19499969482422,1091
2021-01-27,XDWS.MI,33.34000015258789,33.345001220703125,33.15999984741211,33.334999084472656,8519
2021-01-28,XDWS.MI,33.04499816894531,33.275001525878906,32.86000061035156,33.20000076293945,8506
2021-01-29,XDWS.MI,32.779998779296875,32.78499984741211,32.525001525878906,32.525001525878906,9748
2021-02-01,XDWS.MI,32.63999938964844,32.755001068115234,32.599998474121094,32.64500045776367,5648
2021-02-02,XDWS.MI,32.970001220703125,33.08000183105469,32.82500076293945,33.08000183105469,1973
2021-02-03,XDWS.MI,33.025001525878906,33.099998474121094,32.97999954223633,32.97999954223633,3478
2021-02-04,XDWS.MI,32.88999938964844,33.130001068115234,32.88999938964844,33.11000061035156,13999
2021-02-05,XDWS.MI,33.084999084472656,33.185001373291016,33.084999084472656,33.154998779296875,5198
2021-02-08,XDWS.MI,33.20000076293945,33.290000915527344,33.125,33.165000915527344,5441
2021-02-09,XDWS.MI,33.10499954223633,33.15999984741211,33.099998474121094,33.11000061035156,1525
2021-02-10,XDWS.MI,33.16999816894531,33.28499984741211,33.03499984741211,33.03499984741211,1723
2021-02-11,XDWS.MI,33.095001220703125,33.1150016784668,33.01499938964844,33.01499938964844,4533
2021-02-12,XDWS.MI,32.97999954223633,33.04999923706055,32.97999954223633,33.0,824
2021-02-15,XDWS.MI,33.154998779296875,33.30500030517578,33.154998779296875,33.279998779296875,2303
2021-02-16,XDWS.MI,33.30500030517578,33.30500030517578,33.084999084472656,33.084999084472656,7010
2021-02-17,XDWS.MI,33.08000183105469,33.310001373291016,33.06999969482422,33.209999084472656,1740
2021-02-18,XDWS.MI,33.189998626708984,33.189998626708984,32.915000915527344,33.03499984741211,1002
2021-02-19,XDWS.MI,32.974998474121094,33.084999084472656,32.845001220703125,32.845001220703125,3259
2021-02-22,XDWS.MI,32.505001068115234,32.53499984741211,32.43000030517578,32.505001068115234,4129
2021-02-23,XDWS.MI,32.51499938964844,32.584999084472656,32.5,32.54999923706055,14955
2021-02-24,XDWS.MI,32.53499984741211,32.540000915527344,32.47999954223633,32.4900016784668,3359
2021-02-25,XDWS.MI,32.29999923706055,32.29999923706055,32.19499969482422,32.19499969482422,1088
2021-02-26,XDWS.MI,32.16999816894531,32.189998626708984,31.709999084472656,31.709999084472656,2064
2021-03-01,XDWS.MI,32.11000061035156,32.275001525878906,31.950000762939453,32.224998474121094,18801
2021-03-02,XDWS.MI,32.185001373291016,32.224998474121094,32.095001220703125,32.095001220703125,1198
2021-03-03,XDWS.MI,32.16999816894531,32.16999816894531,32.005001068115234,32.02000045776367,553
2021-03-04,XDWS.MI,32.02000045776367,32.41999816894531,31.989999771118164,32.345001220703125,1350
2021-03-05,XDWS.MI,32.119998931884766,32.560001373291016,32.09000015258789,32.560001373291016,4051
2021-03-08,XDWS.MI,32.8650016784668,33.095001220703125,32.720001220703125,33.095001220703125,15247
2021-03-09,XDWS.MI,33.150001525878906,33.209999084472656,33.07500076293945,33.1349983215332,7130
2021-03-10,XDWS.MI,33.095001220703125,33.27000045776367,33.09000015258789,33.255001068115234,2668
2021-03-11,XDWS.MI,33.29999923706055,33.30500030517578,33.20000076293945,33.27000045776367,3637
2021-03-12,XDWS.MI,33.22999954223633,33.345001220703125,33.209999084472656,33.2599983215332,3406
2021-03-15,XDWS.MI,33.58000183105469,33.58000183105469,33.435001373291016,33.494998931884766,8927
2021-03-16,XDWS.MI,33.560001373291016,33.814998626708984,33.4900016784668,33.814998626708984,5138
2021-03-17,XDWS.MI,33.75,33.79499816894531,33.61000061035156,33.790000915527344,11852
2021-03-18,XDWS.MI,33.59000015258789,33.689998626708984,33.54999923706055,33.599998474121094,2604
2021-03-19,XDWS.MI,33.76499938964844,33.76499938964844,33.654998779296875,33.70500183105469,3335
2021-03-22,XDWS.MI,33.599998474121094,33.88999938964844,33.560001373291016,33.880001068115234,6101
2021-03-23,XDWS.MI,33.935001373291016,34.255001068115234,33.935001373291016,34.22999954223633,8314
2021-03-24,XDWS.MI,34.15999984741211,34.22999954223633,34.119998931884766,34.209999084472656,1456
2021-03-25,XDWS.MI,34.26499938964844,34.334999084472656,34.13999938964844,34.2599983215332,11722
2021-03-26,XDWS.MI,34.45000076293945,34.529998779296875,34.369998931884766,34.529998779296875,6101
2021-03-29,XDWS.MI,34.790000915527344,35.095001220703125,34.77000045776367,35.095001220703125,2468
2021-03-30,XDWS.MI,35.22999954223633,35.26499938964844,35.084999084472656,35.084999084472656,1019
2021-03-31,XDWS.MI,34.88999938964844,34.98500061035156,34.88999938964844,34.94499969482422,6522
2021-04-01,XDWS.MI,34.78499984741211,34.86000061035156,34.564998626708984,34.69499969482422,14641
2021-04-06,XDWS.MI,34.900001525878906,35.0,34.80500030517578,35.0,5706
2021-04-07,XDWS.MI,34.94499969482422,34.94499969482422,34.85499954223633,34.900001525878906,1516
2021-04-08,XDWS.MI,34.970001220703125,35.064998626708984,34.91999816894531,35.029998779296875,6564
2021-04-09,XDWS.MI,35.005001068115234,35.095001220703125,34.95000076293945,34.9900016784668,1862
2021-04-12,XDWS.MI,34.994998931884766,35.025001525878906,34.904998779296875,35.005001068115234,5354
2021-04-13,XDWS.MI,35.05500030517578,35.10499954223633,34.8849983215332,34.92499923706055,1240
2021-04-14,XDWS.MI,34.834999084472656,34.845001220703125,34.755001068115234,34.78499984741211,2076
2021-04-15,XDWS.MI,34.90999984741211,35.084999084472656,34.849998474121094,35.07500076293945,1863
2021-04-16,XDWS.MI,35.03499984741211,35.189998626708984,35.03499984741211,35.150001525878906,4039
2021-04-19,XDWS.MI,35.220001220703125,35.220001220703125,35.064998626708984,35.20500183105469,739
2021-04-20,XDWS.MI,34.970001220703125,34.974998474121094,34.685001373291016,34.974998474121094,9767
2021-04-21,XDWS.MI,35.04499816894531,35.21500015258789,35.040000915527344,35.189998626708984,1299
2021-04-22,XDWS.MI,35.31999969482422,35.369998931884766,35.14500045776367,35.33000183105469,3152
2021-04-23,XDWS.MI,35.10499954223633,35.18000030517578,34.98500061035156,35.07500076293945,1563
2021-04-26,XDWS.MI,35.15999984741211,35.165000915527344,34.724998474121094,34.724998474121094,2006
2021-04-27,XDWS.MI,34.69499969482422,34.69499969482422,34.54999923706055,34.57500076293945,4956
2021-04-28,XDWS.MI,34.64500045776367,34.744998931884766,34.56999969482422,34.59000015258789,8936
2021-04-29,XDWS.MI,34.654998779296875,34.779998779296875,34.595001220703125,34.755001068115234,7601
2021-04-30,XDWS.MI,34.849998474121094,34.9900016784668,34.834999084472656,34.915000915527344,22942
2021-05-03,XDWS.MI,35.13999938964844,35.290000915527344,35.060001373291016,35.189998626708984,5698
2021-05-04,XDWS.MI,35.224998474121094,35.33000183105469,35.06999969482422,35.119998931884766,12854
2021-05-05,XDWS.MI,35.26499938964844,35.290000915527344,35.14500045776367,35.21500015258789,3879
2021-05-06,XDWS.MI,35.185001373291016,35.38999938964844,35.154998779296875,35.38999938964844,2486
2021-05-07,XDWS.MI,35.48500061035156,35.48500061035156,35.3650016784668,35.415000915527344,901
2021-05-10,XDWS.MI,35.369998931884766,35.720001220703125,35.369998931884766,35.720001220703125,564
2021-05-11,XDWS.MI,35.36000061035156,35.369998931884766,35.19499969482422,35.19499969482422,4021
2021-05-12,XDWS.MI,35.28499984741211,35.3650016784668,35.23500061035156,35.314998626708984,7841
2021-05-13,XDWS.MI,35.0,35.470001220703125,34.900001525878906,35.435001373291016,1220
2021-05-14,XDWS.MI,35.53499984741211,35.7599983215332,35.52000045776367,35.68000030517578,755
2021-05-17,XDWS.MI,35.560001373291016,35.720001220703125,35.5,35.54999923706055,10075
2021-05-18,XDWS.MI,35.630001068115234,35.630001068115234,35.45000076293945,35.459999084472656,4871
2021-05-19,XDWS.MI,35.290000915527344,35.29499816894531,35.165000915527344,35.189998626708984,3466
2021-05-20,XDWS.MI,35.29499816894531,35.56999969482422,35.26499938964844,35.56999969482422,3713
2021-05-21,XDWS.MI,35.650001525878906,35.77000045776367,35.564998626708984,35.755001068115234,5646
2021-05-24,XDWS.MI,35.75,35.810001373291016,35.70000076293945,35.79999923706055,1944
2021-05-25,XDWS.MI,35.709999084472656,35.744998931884766,35.68000030517578,35.68000030517578,1680
2021-05-26,XDWS.MI,35.79999923706055,35.845001220703125,35.70000076293945,35.79499816894531,875
2021-05-27,XDWS.MI,35.724998474121094,35.80500030517578,35.68000030517578,35.709999084472656,3121
2021-05-28,XDWS.MI,35.650001525878906,35.814998626708984,35.650001525878906,35.70500183105469,2256
2021-05-31,XDWS.MI,35.630001068115234,35.665000915527344,35.45500183105469,35.45500183105469,1830
2021-06-01,XDWS.MI,35.560001373291016,35.70000076293945,35.474998474121094,35.474998474121094,964
2021-06-02,XDWS.MI,35.599998474121094,35.599998474121094,35.58000183105469,35.59000015258789,122
2021-06-03,XDWS.MI,35.65999984741211,35.90999984741211,35.56999969482422,35.90999984741211,904
2021-06-04,XDWS.MI,35.95500183105469,36.095001220703125,35.95500183105469,36.040000915527344,1856
2021-06-07,XDWS.MI,36.05500030517578,36.150001525878906,35.95000076293945,35.95000076293945,8434
2021-06-08,XDWS.MI,36.08000183105469,36.130001068115234,35.90999984741211,35.90999984741211,508
2021-06-09,XDWS.MI,35.91999816894531,35.994998931884766,35.86000061035156,35.94499969482422,5230
2021-06-10,XDWS.MI,35.91999816894531,36.06999969482422,35.845001220703125,36.06999969482422,6469
2021-06-11,XDWS.MI,36.10499954223633,36.189998626708984,36.099998474121094,36.11000061035156,2847
2021-06-14,XDWS.MI,36.10499954223633,36.119998931884766,36.025001525878906,36.025001525878906,796
2021-06-15,XDWS.MI,36.244998931884766,36.5,36.244998931884766,36.244998931884766,1553
2021-06-16,XDWS.MI,36.224998474121094,36.310001373291016,36.20500183105469,36.20500183105469,3073
2021-06-17,XDWS.MI,36.17499923706055,36.39500045776367,36.15999984741211,36.3849983215332,6676
2021-06-18,XDWS.MI,36.41999816894531,36.439998626708984,36.060001373291016,36.08000183105469,7197
2021-06-21,XDWS.MI,35.95000076293945,36.19499969482422,35.90999984741211,36.19499969482422,115527
2021-06-22,XDWS.MI,36.209999084472656,36.400001525878906,36.209999084472656,36.380001068115234,1008
2021-06-23,XDWS.MI,36.255001068115234,36.255001068115234,36.04999923706055,36.05500030517578,14370
2021-06-24,XDWS.MI,36.209999084472656,36.220001220703125,36.09000015258789,36.14500045776367,7303
2021-06-25,XDWS.MI,36.150001525878906,36.21500015258789,36.084999084472656,36.21500015258789,1449
2021-06-28,XDWS.MI,36.33000183105469,36.44499969482422,36.32500076293945,36.34000015258789,1156
2021-06-29,XDWS.MI,36.47999954223633,36.55500030517578,36.415000915527344,36.415000915527344,1388
2021-06-30,XDWS.MI,36.30500030517578,36.439998626708984,36.290000915527344,36.43000030517578,2174
2021-07-01,XDWS.MI,36.61000061035156,36.61000061035156,36.40999984741211,36.5099983215332,3479
2021-07-02,XDWS.MI,36.52000045776367,36.57500076293945,36.435001373291016,36.57500076293945,7333
2021-07-05,XDWS.MI,36.459999084472656,36.56999969482422,36.415000915527344,36.54499816894531,7979
2021-07-06,XDWS.MI,36.4900016784668,36.630001068115234,36.35499954223633,36.380001068115234,977
2021-07-07,XDWS.MI,36.505001068115234,36.86000061035156,36.4900016784668,36.86000061035156,5489
2021-07-08,XDWS.MI,36.494998931884766,36.494998931884766,36.290000915527344,36.415000915527344,544
2021-07-09,XDWS.MI,36.584999084472656,36.60499954223633,36.54499816894531,36.60499954223633,447
2021-07-12,XDWS.MI,36.599998474121094,36.625,36.46500015258789,36.625,14441
2021-07-13,XDWS.MI,36.709999084472656,36.89500045776367,36.709999084472656,36.89500045776367,4497
2021-07-14,XDWS.MI,36.78499984741211,36.8849983215332,36.70000076293945,36.8849983215332,2852
2021-07-15,XDWS.MI,36.85499954223633,36.970001220703125,36.814998626708984,36.814998626708984,2489
2021-07-16,XDWS.MI,37.01499938964844,37.084999084472656,37.01499938964844,37.040000915527344,4063
2021-07-19,XDWS.MI,36.9900016784668,36.994998931884766,36.6349983215332,36.654998779296875,720
2021-07-20,XDWS.MI,37.0,37.119998931884766,36.939998626708984,36.939998626708984,6007
2021-07-21,XDWS.MI,37.0099983215332,37.04499816894531,36.93000030517578,36.93000030517578,17
2021-07-22,XDWS.MI,36.82500076293945,36.82500076293945,36.79499816894531,36.814998626708984,877
2021-07-23,XDWS.MI,36.880001068115234,37.189998626708984,36.880001068115234,37.189998626708984,1413
2021-07-26,XDWS.MI,37.005001068115234,37.04499816894531,36.974998474121094,37.029998779296875,2653
2021-07-27,XDWS.MI,36.935001373291016,37.064998626708984,36.91999816894531,37.029998779296875,935
2021-07-28,XDWS.MI,37.060001373291016,37.10499954223633,36.915000915527344,36.915000915527344,21947
2021-07-29,XDWS.MI,36.79999923706055,36.880001068115234,36.70500183105469,36.84000015258789,2570
2021-07-30,XDWS.MI,36.7599983215332,37.08000183105469,36.7599983215332,37.03499984741211,1729
2021-08-02,XDWS.MI,37.14500045776367,37.14500045776367,36.994998931884766,36.994998931884766,4506
2021-08-03,XDWS.MI,37.06999969482422,37.06999969482422,36.915000915527344,37.064998626708984,4023
2021-08-04,XDWS.MI,37.130001068115234,37.130001068115234,36.849998474121094,36.849998474121094,1314
2021-08-05,XDWS.MI,36.93000030517578,36.94499969482422,36.92499923706055,36.92499923706055,1671
2021-08-06,XDWS.MI,36.970001220703125,37.189998626708984,36.970001220703125,37.084999084472656,1875
2021-08-09,XDWS.MI,37.06999969482422,37.220001220703125,37.06999969482422,37.19499969482422,428
2021-08-10,XDWS.MI,37.209999084472656,37.439998626708984,37.209999084472656,37.42499923706055,557
2021-08-11,XDWS.MI,37.435001373291016,37.6349983215332,37.435001373291016,37.58000183105469,1200
2021-08-12,XDWS.MI,37.51499938964844,37.54499816894531,37.47999954223633,37.47999954223633,545
2021-08-13,XDWS.MI,37.529998779296875,37.599998474121094,37.529998779296875,37.58000183105469,3476
2021-08-16,XDWS.MI,37.55500030517578,37.70000076293945,37.5,37.689998626708984,339
2021-08-17,XDWS.MI,37.650001525878906,38.0099983215332,37.630001068115234,38.0099983215332,6894
2021-08-18,XDWS.MI,37.935001373291016,37.935001373291016,37.790000915527344,37.790000915527344,2725
2021-08-19,XDWS.MI,37.3650016784668,37.66999816894531,37.314998626708984,37.66999816894531,6381
2021-08-20,XDWS.MI,37.630001068115234,37.89500045776367,37.630001068115234,37.834999084472656,1616
2021-08-23,XDWS.MI,37.744998931884766,37.814998626708984,37.744998931884766,37.814998626708984,1679
2021-08-24,XDWS.MI,37.77000045776367,37.77000045776367,37.4900016784668,37.4900016784668,23256
2021-08-25,XDWS.MI,37.43000030517578,37.43000030517578,37.32500076293945,37.32500076293945,1848
2021-08-26,XDWS.MI,37.2599983215332,37.314998626708984,37.20500183105469,37.22999954223633,2628
2021-08-27,XDWS.MI,37.27000045776367,37.310001373291016,37.255001068115234,37.255001068115234,30635
2021-08-30,XDWS.MI,37.29999923706055,37.380001068115234,37.29999923706055,37.375,31331
2021-08-31,XDWS.MI,37.44499969482422,37.44499969482422,37.279998779296875,37.369998931884766,1580
2021-09-01,XDWS.MI,37.599998474121094,37.599998474121094,37.39500045776367,37.400001525878906,147
2021-09-02,XDWS.MI,37.42499923706055,37.5,37.42499923706055,37.5,399
2021-09-03,XDWS.MI,37.59000015258789,37.59000015258789,37.44499969482422,37.44499969482422,1421
2021-09-06,XDWS.MI,37.625,37.68000030517578,37.599998474121094,37.654998779296875,692
2021-09-07,XDWS.MI,37.439998626708984,37.54999923706055,37.31999969482422,37.31999969482422,191
2021-09-08,XDWS.MI,37.09000015258789,37.369998931884766,37.09000015258789,37.369998931884766,124
2021-09-09,XDWS.MI,37.369998931884766,37.369998931884766,37.369998931884766,37.369998931884766,0
2021-09-10,XDWS.MI,37.349998474121094,37.375,37.22999954223633,37.22999954223633,672
2021-09-13,XDWS.MI,37.474998474121094,37.52000045776367,37.3849983215332,37.3849983215332,173
2021-09-14,XDWS.MI,37.31999969482422,37.400001525878906,37.16999816894531,37.209999084472656,16432
2021-09-15,XDWS.MI,37.25,37.25,37.064998626708984,37.13999938964844,7703
2021-09-16,XDWS.MI,37.380001068115234,37.39500045776367,37.1349983215332,37.1349983215332,1183
2021-09-17,XDWS.MI,37.2400016784668,37.26499938964844,37.1150016784668,37.1150016784668,8164
2021-09-20,XDWS.MI,36.900001525878906,36.90999984741211,36.7400016784668,36.880001068115234,2687
2021-09-21,XDWS.MI,36.974998474121094,37.08000183105469,36.95000076293945,37.0099983215332,6219
2021-09-22,XDWS.MI,37.0099983215332,37.14500045776367,37.005001068115234,37.08000183105469,1271
2021-09-23,XDWS.MI,37.224998474121094,37.224998474121094,37.125,37.125,5697
2021-09-24,XDWS.MI,37.095001220703125,37.125,36.95000076293945,37.03499984741211,3941
2021-09-27,XDWS.MI,37.17499923706055,37.17499923706055,36.970001220703125,36.970001220703125,131
2021-09-28,XDWS.MI,36.880001068115234,36.880001068115234,36.505001068115234,36.505001068115234,1142
2021-09-29,XDWS.MI,36.650001525878906,36.96500015258789,36.650001525878906,36.96500015258789,357
2021-09-30,XDWS.MI,37.209999084472656,37.209999084472656,36.8650016784668,36.8650016784668,746
2021-10-01,XDWS.MI,36.470001220703125,36.665000915527344,36.34000015258789,36.415000915527344,871
2021-10-04,XDWS.MI,36.459999084472656,36.595001220703125,36.35499954223633,36.35499954223633,185
2021-10-05,XDWS.MI,36.560001373291016,36.70000076293945,36.55500030517578,36.67499923706055,1096
2021-10-06,XDWS.MI,36.34000015258789,36.70000076293945,36.34000015258789,36.619998931884766,2257
2021-10-07,XDWS.MI,36.9900016784668,37.310001373291016,36.96500015258789,37.17499923706055,2453
2021-10-08,XDWS.MI,37.0,37.03499984741211,36.900001525878906,36.959999084472656,2705
2021-10-11,XDWS.MI,36.900001525878906,37.0,36.814998626708984,36.90999984741211,846
2021-10-12,XDWS.MI,36.84000015258789,37.05500030517578,36.84000015258789,37.05500030517578,1837
2021-10-13,XDWS.MI,36.810001373291016,36.939998626708984,36.79999923706055,36.89500045776367,8852
2021-10-14,XDWS.MI,37.08000183105469,37.349998474121094,37.07500076293945,37.345001220703125,981
2021-10-15,XDWS.MI,37.29999923706055,37.564998626708984,37.29999923706055,37.3650016784668,1694
2021-10-18,XDWS.MI,37.314998626708984,37.314998626708984,36.9900016784668,37.154998779296875,766
2021-10-19,XDWS.MI,37.084999084472656,37.095001220703125,36.849998474121094,36.900001525878906,925
2021-10-20,XDWS.MI,37.18000030517578,37.29999923706055,37.16999816894531,37.29999923706055,5567
2021-10-21,XDWS.MI,37.20500183105469,37.314998626708984,37.20500183105469,37.27000045776367,5359
2021-10-22,XDWS.MI,37.380001068115234,37.540000915527344,37.36629867553711,37.525001525878906,973
2021-10-25,XDWS.MI,37.5,37.60499954223633,37.43000030517578,37.540000915527344,1273
2021-10-26,XDWS.MI,37.64500045776367,37.7400016784668,37.625,37.7400016784668,2651
2021-10-27,XDWS.MI,37.69499969482422,37.79499816894531,37.69499969482422,37.69499969482422,197
2021-10-28,XDWS.MI,37.65999984741211,37.724998474121094,37.619998931884766,37.619998931884766,1221
2021-10-29,XDWS.MI,37.599998474121094,37.95500183105469,37.57500076293945,37.95500183105469,3680
2021-11-01,XDWS.MI,38.0,38.04499816894531,37.939998626708984,38.02000045776367,605
2021-11-02,XDWS.MI,37.970001220703125,38.15999984741211,37.94499969482422,38.15999984741211,18676
2021-11-03,XDWS.MI,38.14500045776367,38.375,38.125,38.349998474121094,3382
2021-11-04,XDWS.MI,38.525001525878906,38.63999938964844,38.435001373291016,38.63999938964844,1132
2021-11-05,XDWS.MI,38.564998626708984,38.8849983215332,38.564998626708984,38.70500183105469,1654
2021-11-08,XDWS.MI,38.67499923706055,38.70000076293945,38.34000015258789,38.34000015258789,3376
2021-11-09,XDWS.MI,38.404998779296875,38.51499938964844,38.404998779296875,38.4900016784668,1067
2021-11-10,XDWS.MI,38.625,38.845001220703125,38.599998474121094,38.845001220703125,1088
2021-11-11,XDWS.MI,38.974998474121094,39.029998779296875,38.845001220703125,38.93000030517578,4320
2021-11-12,XDWS.MI,39.0099983215332,39.18000030517578,39.005001068115234,39.17499923706055,4430
2021-11-15,XDWS.MI,39.10499954223633,39.33000183105469,39.099998474121094,39.290000915527344,3605
2021-11-16,XDWS.MI,39.45000076293945,39.540000915527344,39.42499923706055,39.43000030517578,4822
2021-11-17,XDWS.MI,39.28499984741211,39.3650016784668,39.28499984741211,39.3650016784668,1860
2021-11-18,XDWS.MI,39.310001373291016,39.31999969482422,39.04499816894531,39.04999923706055,1680
2021-11-19,XDWS.MI,39.26499938964844,39.314998626708984,39.220001220703125,39.279998779296875,10611
2021-11-22,XDWS.MI,39.369998931884766,39.529998779296875,39.20500183105469,39.529998779296875,1077
2021-11-23,XDWS.MI,39.27000045776367,39.459999084472656,39.27000045776367,39.44499969482422,2958
2021-11-24,XDWS.MI,39.470001220703125,39.5099983215332,39.3849983215332,39.47999954223633,20981
2021-11-25,XDWS.MI,39.56999969482422,39.58000183105469,39.47999954223633,39.564998626708984,1145
2021-11-26,XDWS.MI,39.54999923706055,39.54999923706055,38.7400016784668,38.744998931884766,9888
2021-11-29,XDWS.MI,39.0,39.0,38.814998626708984,38.90999984741211,17880
2021-11-30,XDWS.MI,38.345001220703125,38.38999938964844,38.25,38.34000015258789,2187
2021-12-01,XDWS.MI,38.095001220703125,38.255001068115234,37.94499969482422,38.255001068115234,2767
2021-12-02,XDWS.MI,37.7599983215332,38.189998626708984,37.755001068115234,38.14500045776367,2881
2021-12-03,XDWS.MI,38.084999084472656,38.38999938964844,38.060001373291016,38.29499816894531,24906
2021-12-06,XDWS.MI,38.68000030517578,39.189998626708984,38.560001373291016,39.150001525878906,2829
2021-12-07,XDWS.MI,39.35499954223633,39.560001373291016,39.334999084472656,39.51499938964844,5871
2021-12-08,XDWS.MI,39.5,39.5099983215332,38.92499923706055,38.92499923706055,2256
2021-12-09,XDWS.MI,39.16999816894531,39.26499938964844,39.05500030517578,39.20500183105469,3394
2021-12-10,XDWS.MI,39.2599983215332,39.595001220703125,39.2599983215332,39.59000015258789,16825
2021-12-13,XDWS.MI,39.880001068115234,39.91999816894531,39.779998779296875,39.85499954223633,8783
2021-12-14,XDWS.MI,40.095001220703125,40.095001220703125,39.82500076293945,39.95000076293945,4047
2021-12-15,XDWS.MI,39.974998474121094,40.165000915527344,39.95000076293945,40.10499954223633,5231
2021-12-16,XDWS.MI,40.380001068115234,40.47999954223633,40.21500015258789,40.470001220703125,20500
2021-12-17,XDWS.MI,40.45000076293945,40.540000915527344,40.3849983215332,40.474998474121094,5045
2021-12-20,XDWS.MI,39.82500076293945,40.0,39.68000030517578,39.959999084472656,9221
2021-12-21,XDWS.MI,40.314998626708984,40.314998626708984,40.04499816894531,40.04499816894531,7737
2021-12-22,XDWS.MI,40.064998626708984,40.130001068115234,39.90999984741211,40.130001068115234,96
2021-12-23,XDWS.MI,40.314998626708984,40.43000030517578,40.21500015258789,40.404998779296875,1622
2021-12-27,XDWS.MI,40.33000183105469,40.54999923706055,40.33000183105469,40.51499938964844,6161
2021-12-28,XDWS.MI,40.70500183105469,40.959999084472656,40.68000030517578,40.92499923706055,993
2021-12-29,XDWS.MI,40.970001220703125,41.060001373291016,40.79499816894531,40.83000183105469,4397
2021-12-30,XDWS.MI,41.04499816894531,41.04499816894531,40.880001068115234,40.89500045776367,16267
2022-01-03,XDWS.MI,41.14500045776367,41.20500183105469,40.89500045776367,40.974998474121094,4360
2022-01-04,XDWS.MI,41.314998626708984,41.54999923706055,41.275001525878906,41.54999923706055,1410
2022-01-05,XDWS.MI,41.3650016784668,41.42499923706055,41.224998474121094,41.38999938964844,17058
2022-01-06,XDWS.MI,41.04499816894531,41.20500183105469,41.02000045776367,41.064998626708984,4264
2022-01-07,XDWS.MI,40.939998626708984,40.94499969482422,40.775001525878906,40.81999969482422,17235
2022-01-10,XDWS.MI,40.900001525878906,40.92499923706055,40.54999923706055,40.54999923706055,2417
2022-01-11,XDWS.MI,40.59000015258789,40.709999084472656,40.224998474121094,40.28499984741211,5373
2022-01-12,XDWS.MI,40.505001068115234,40.505001068115234,40.35499954223633,40.35499954223633,2647
2022-01-13,XDWS.MI,40.16999816894531,40.29499816894531,40.10499954223633,40.29499816894531,6065
2022-01-14,XDWS.MI,40.16999816894531,40.27000045776367,40.13999938964844,40.23500061035156,13022
2022-01-17,XDWS.MI,40.29999923706055,40.52000045776367,40.29999923706055,40.459999084472656,2520
2022-01-18,XDWS.MI,40.279998779296875,40.314998626708984,39.97999954223633,40.154998779296875,11789
2022-01-19,XDWS.MI,39.95000076293945,40.31999969482422,39.95000076293945,40.28499984741211,3723
2022-01-20,XDWS.MI,40.29999923706055,40.45500183105469,40.224998474121094,40.45500183105469,23664
2022-01-21,XDWS.MI,40.19499969482422,40.380001068115234,40.06999969482422,40.29499816894531,32434
2022-01-24,XDWS.MI,40.400001525878906,40.400001525878906,39.685001373291016,39.72999954223633,16003
2022-01-25,XDWS.MI,39.75,40.06999969482422,39.5,39.724998474121094,10950
2022-01-26,XDWS.MI,39.834999084472656,40.04499816894531,39.790000915527344,39.790000915527344,29606
2022-01-27,XDWS.MI,39.59000015258789,40.42499923706055,39.5,40.29999923706055,36968
2022-01-28,XDWS.MI,40.0099983215332,40.0099983215332,39.54999923706055,39.810001373291016,6545
2022-01-31,XDWS.MI,40.150001525878906,40.18000030517578,39.9900016784668,40.01499938964844,7610
2022-02-01,XDWS.MI,40.20000076293945,40.30500030517578,39.95000076293945,39.98500061035156,20741
2022-02-02,XDWS.MI,40.15999984741211,40.45500183105469,40.15999984741211,40.41999816894531,9595
2022-02-03,XDWS.MI,40.54499816894531,40.54499816894531,39.959999084472656,39.959999084472656,3939
2022-02-04,XDWS.MI,39.900001525878906,39.900001525878906,39.42499923706055,39.474998474121094,11495
2022-02-07,XDWS.MI,39.630001068115234,39.70500183105469,39.5,39.619998931884766,2712
2022-02-08,XDWS.MI,39.814998626708984,39.81999969482422,39.58000183105469,39.69499969482422,22033
2022-02-09,XDWS.MI,39.900001525878906,39.92499923706055,39.7400016784668,39.7400016784668,427
2022-02-10,XDWS.MI,39.650001525878906,39.71500015258789,39.459999084472656,39.459999084472656,13415
2022-02-11,XDWS.MI,39.505001068115234,39.775001525878906,39.470001220703125,39.650001525878906,1445
2022-02-14,XDWS.MI,39.665000915527344,39.720001220703125,39.26499938964844,39.26499938964844,10243
2022-02-15,XDWS.MI,39.51499938964844,39.91999816894531,39.51499938964844,39.66999816894531,4984
2022-02-16,XDWS.MI,39.525001525878906,39.60499954223633,39.404998779296875,39.470001220703125,6380
2022-02-17,XDWS.MI,39.599998474121094,39.68000030517578,39.560001373291016,39.68000030517578,539
2022-02-18,XDWS.MI,40.08000183105469,40.14500045776367,39.98500061035156,40.1150016784668,2184
2022-02-21,XDWS.MI,40.04999923706055,40.19499969482422,39.8650016784668,39.8650016784668,4528
2022-02-22,XDWS.MI,39.76499938964844,39.970001220703125,39.67499923706055,39.83000183105469,10658
2022-02-23,XDWS.MI,39.915000915527344,39.970001220703125,39.779998779296875,39.79999923706055,1359
2022-02-24,XDWS.MI,39.02000045776367,39.44499969482422,38.900001525878906,38.900001525878906,2934
2022-02-25,XDWS.MI,39.025001525878906,39.90999984741211,39.025001525878906,39.90999984741211,7142
2022-02-28,XDWS.MI,39.900001525878906,40.02000045776367,39.584999084472656,39.84000015258789,13247
2022-03-01,XDWS.MI,40.084999084472656,40.154998779296875,39.75,39.96500015258789,1578
2022-03-02,XDWS.MI,39.900001525878906,40.154998779296875,39.65999984741211,40.13999938964844,2946
2022-03-03,XDWS.MI,39.869998931884766,40.21500015258789,39.869998931884766,40.1150016784668,7146
2022-03-04,XDWS.MI,40.130001068115234,40.189998626708984,39.814998626708984,40.06999969482422,25446
2022-03-07,XDWS.MI,39.904998779296875,40.02000045776367,39.54999923706055,39.81999969482422,12649
2022-03-08,XDWS.MI,39.404998779296875,39.6349983215332,38.86000061035156,38.86000061035156,7176
2022-03-09,XDWS.MI,38.900001525878906,39.06999969482422,38.81999969482422,38.81999969482422,2598
2022-03-10,XDWS.MI,38.880001068115234,38.8849983215332,38.40999984741211,38.40999984741211,11195
2022-03-11,XDWS.MI,38.845001220703125,38.86000061035156,38.52000045776367,38.83000183105469,12259
2022-03-14,XDWS.MI,38.77000045776367,38.904998779296875,38.474998474121094,38.71500015258789,5522
2022-03-15,XDWS.MI,38.494998931884766,39.15999984741211,38.375,39.15999984741211,15263
2022-03-16,XDWS.MI,39.369998931884766,39.525001525878906,39.334999084472656,39.38999938964844,3823
2022-03-17,XDWS.MI,39.310001373291016,39.3650016784668,39.064998626708984,39.3650016784668,2804
2022-03-18,XDWS.MI,39.375,39.685001373291016,39.375,39.63999938964844,1093
2022-03-21,XDWS.MI,39.79999923706055,40.0,39.7599983215332,39.810001373291016,1080
2022-03-22,XDWS.MI,39.91999816894531,40.005001068115234,39.88999938964844,40.005001068115234,3374
2022-03-23,XDWS.MI,40.119998931884766,40.119998931884766,39.779998779296875,39.779998779296875,1402
2022-03-24,XDWS.MI,39.96500015258789,39.974998474121094,39.810001373291016,39.85499954223633,3579
2022-03-25,XDWS.MI,40.0,40.13999938964844,40.0,40.1150016784668,425
2022-03-28,XDWS.MI,40.39500045776367,40.44499969482422,40.255001068115234,40.255001068115234,14085
2022-03-29,XDWS.MI,40.369998931884766,40.58000183105469,40.279998779296875,40.36000061035156,9439
2022-03-30,XDWS.MI,40.584999084472656,40.584999084472656,40.150001525878906,40.22999954223633,1253
2022-03-31,XDWS.MI,40.43000030517578,40.55500030517578,40.43000030517578,40.47999954223633,4236
2022-04-01,XDWS.MI,40.46500015258789,40.76499938964844,40.46500015258789,40.70000076293945,6900
2022-04-04,XDWS.MI,40.880001068115234,41.119998931884766,40.880001068115234,41.04499816894531,1999
2022-04-05,XDWS.MI,41.119998931884766,41.560001373291016,41.084999084472656,41.560001373291016,2536
2022-04-06,XDWS.MI,41.494998931884766,41.505001068115234,41.150001525878906,41.45000076293945,6105
2022-04-07,XDWS.MI,41.685001373291016,41.82500076293945,41.599998474121094,41.71500015258789,2264
2022-04-08,XDWS.MI,42.19499969482422,42.31999969482422,42.125,42.314998626708984,5127
2022-04-11,XDWS.MI,42.39500045776367,42.39500045776367,41.9900016784668,42.20500183105469,9429
2022-04-12,XDWS.MI,41.9900016784668,42.20500183105469,41.814998626708984,42.189998626708984,4915
2022-04-13,XDWS.MI,42.16999816894531,42.16999816894531,41.970001220703125,42.025001525878906,12339
2022-04-14,XDWS.MI,41.95500183105469,42.54499816894531,41.94499969482422,42.53499984741211,16284
2022-04-19,XDWS.MI,42.10499954223633,42.275001525878906,41.775001525878906,42.16999816894531,3963
2022-04-20,XDWS.MI,42.46500015258789,42.7400016784668,42.35499954223633,42.630001068115234,3873
2022-04-21,XDWS.MI,42.650001525878906,43.095001220703125,42.630001068115234,42.98500061035156,40286
2022-04-22,XDWS.MI,42.869998931884766,42.9900016784668,42.744998931884766,42.744998931884766,25137
2022-04-25,XDWS.MI,42.334999084472656,42.654998779296875,42.244998931884766,42.45000076293945,6929
2022-04-26,XDWS.MI,42.68000030517578,43.02000045776367,42.68000030517578,42.814998626708984,4607
2022-04-27,XDWS.MI,42.57500076293945,43.11000061035156,42.57500076293945,43.11000061035156,3487
2022-04-28,XDWS.MI,43.279998779296875,43.375,43.064998626708984,43.209999084472656,40548
2022-04-29,XDWS.MI,43.625,43.625,43.20000076293945,43.23500061035156,8550
2022-05-02,XDWS.MI,42.79499816894531,43.04499816894531,42.45000076293945,42.5099983215332,10611
2022-05-03,XDWS.MI,42.45000076293945,42.6349983215332,42.1150016784668,42.494998931884766,4345
2022-05-04,XDWS.MI,42.459999084472656,42.48500061035156,42.14500045776367,42.19499969482422,24466
2022-05-05,XDWS.MI,42.53499984741211,42.685001373291016,42.22999954223633,42.32500076293945,3385
2022-05-06,XDWS.MI,42.0,42.0,41.505001068115234,41.80500030517578,1668
2022-05-09,XDWS.MI,41.71500015258789,41.76499938964844,41.20000076293945,41.57500076293945,5300
2022-05-10,XDWS.MI,41.91999816894531,41.97999954223633,41.5,41.53499984741211,406777
2022-05-11,XDWS.MI,41.60499954223633,41.9900016784668,41.314998626708984,41.900001525878906,522687
2022-05-12,XDWS.MI,41.525001525878906,42.04999923706055,41.525001525878906,41.89500045776367,5138
2022-05-13,XDWS.MI,42.0099983215332,42.439998626708984,42.0099983215332,42.41999816894531,15084
2022-05-16,XDWS.MI,42.369998931884766,42.654998779296875,42.349998474121094,42.654998779296875,5199
2022-05-17,XDWS.MI,42.494998931884766,42.89500045776367,41.845001220703125,42.04499816894531,6601
2022-05-18,XDWS.MI,41.94499969482422,42.0,40.685001373291016,40.685001373291016,10947
2022-05-19,XDWS.MI,40.0,40.01499938964844,38.91999816894531,39.11000061035156,20405
2022-05-20,XDWS.MI,39.244998931884766,39.400001525878906,38.935001373291016,39.03499984741211,3290
2022-05-23,XDWS.MI,39.369998931884766,39.60499954223633,39.02000045776367,39.60499954223633,3433
2022-05-24,XDWS.MI,39.29999923706055,39.45000076293945,39.185001373291016,39.31999969482422,3986
2022-05-25,XDWS.MI,39.96500015258789,40.0,39.77000045776367,40.0,5050
2022-05-26,XDWS.MI,39.9900016784668,40.185001373291016,39.904998779296875,40.150001525878906,3019
2022-05-27,XDWS.MI,39.98500061035156,40.474998474121094,39.98500061035156,40.474998474121094,2880
2022-05-30,XDWS.MI,40.68000030517578,40.72999954223633,40.45500183105469,40.46500015258789,6941
2022-05-31,XDWS.MI,40.474998474121094,40.56999969482422,40.28499984741211,40.40999984741211,5263
2022-06-01,XDWS.MI,40.625,40.66999816894531,40.05500030517578,40.119998931884766,5074
2022-06-02,XDWS.MI,40.2400016784668,40.32500076293945,39.790000915527344,40.01499938964844,1623
2022-06-03,XDWS.MI,40.33000183105469,40.36000061035156,40.10499954223633,40.10499954223633,2731
2022-06-06,XDWS.MI,40.19499969482422,40.5099983215332,40.19499969482422,40.375,3215
2022-06-07,XDWS.MI,40.16999816894531,40.189998626708984,39.69499969482422,39.9900016784668,463353
2022-06-08,XDWS.MI,40.04999923706055,40.04999923706055,39.59000015258789,39.775001525878906,447363
2022-06-09,XDWS.MI,39.654998779296875,39.959999084472656,39.470001220703125,39.724998474121094,3009
2022-06-10,XDWS.MI,39.3650016784668,39.439998626708984,39.029998779296875,39.439998626708984,2711
2022-06-13,XDWS.MI,39.26499938964844,39.26499938964844,38.97999954223633,39.22999954223633,2754
2022-06-14,XDWS.MI,39.04499816894531,39.19499969482422,38.55500030517578,38.55500030517578,6928
2022-06-15,XDWS.MI,38.54499816894531,38.974998474121094,38.46500015258789,38.63999938964844,3921
2022-06-16,XDWS.MI,38.64500045776367,38.64500045776367,38.11000061035156,38.224998474121094,14650
2022-06-17,XDWS.MI,38.27000045776367,38.57500076293945,38.224998474121094,38.38999938964844,3541
2022-06-20,XDWS.MI,38.19499969482422,38.38999938964844,38.189998626708984,38.38999938964844,1679
2022-06-21,XDWS.MI,38.51499938964844,38.630001068115234,38.40999984741211,38.584999084472656,301
2022-06-22,XDWS.MI,38.70000076293945,38.78499984741211,38.625,38.78499984741211,1285
2022-06-23,XDWS.MI,38.86000061035156,39.41999816894531,38.86000061035156,39.3849983215332,460
2022-06-24,XDWS.MI,39.65999984741211,40.11000061035156,39.64500045776367,40.11000061035156,1478
2022-06-27,XDWS.MI,40.2599983215332,40.310001373291016,40.05500030517578,40.05500030517578,2071
2022-06-28,XDWS.MI,40.20500183105469,40.369998931884766,40.15999984741211,40.20500183105469,1878
2022-06-29,XDWS.MI,39.900001525878906,40.25,39.7400016784668,40.19499969482422,1583
2022-06-30,XDWS.MI,39.91999816894531,40.060001373291016,39.89500045776367,40.0,2099
2022-07-01,XDWS.MI,39.8650016784668,40.494998931884766,39.8650016784668,40.38999938964844,4776
2022-07-04,XDWS.MI,40.599998474121094,40.689998626708984,40.58000183105469,40.665000915527344,2314
2022-07-05,XDWS.MI,40.900001525878906,41.08000183105469,40.6349983215332,40.63999938964844,2762
2022-07-06,XDWS.MI,41.2400016784668,41.689998626708984,41.2400016784668,41.61000061035156,1187
2022-07-07,XDWS.MI,41.689998626708984,41.689998626708984,41.5099983215332,41.595001220703125,10875
2022-07-08,XDWS.MI,41.75,41.810001373291016,41.630001068115234,41.709999084472656,2305
2022-07-11,XDWS.MI,41.75,42.0,41.59000015258789,41.88999938964844,1062
2022-07-12,XDWS.MI,41.915000915527344,42.185001373291016,41.915000915527344,42.17499923706055,3823
2022-07-13,XDWS.MI,42.040000915527344,42.040000915527344,41.654998779296875,41.779998779296875,3525
2022-07-14,XDWS.MI,41.744998931884766,41.744998931884766,41.459999084472656,41.63999938964844,2655
2022-07-15,XDWS.MI,41.83000183105469,42.125,41.83000183105469,41.95000076293945,1308
2022-07-18,XDWS.MI,42.03499984741211,42.119998931884766,41.72999954223633,41.79499816894531,1721
2022-07-19,XDWS.MI,41.51499938964844,41.70000076293945,41.209999084472656,41.70000076293945,829
2022-07-20,XDWS.MI,41.685001373291016,41.7599983215332,41.474998474121094,41.58000183105469,3555
2022-07-21,XDWS.MI,41.38999938964844,41.619998931884766,41.29999923706055,41.48500061035156,1289
2022-07-22,XDWS.MI,41.85499954223633,41.970001220703125,41.845001220703125,41.8849983215332,126
2022-07-25,XDWS.MI,42.029998779296875,42.16999816894531,41.9900016784668,42.16999816894531,158
2022-07-26,XDWS.MI,41.685001373291016,42.1349983215332,41.685001373291016,42.095001220703125,2068
2022-07-27,XDWS.MI,42.459999084472656,42.56999969482422,42.279998779296875,42.349998474121094,2194
2022-07-28,XDWS.MI,42.349998474121094,42.775001525878906,42.255001068115234,42.744998931884766,5972
2022-07-29,XDWS.MI,42.85499954223633,42.95000076293945,42.625,42.68000030517578,6597
2022-08-01,XDWS.MI,42.68000030517578,42.95500183105469,42.55500030517578,42.91999816894531,4103
2022-08-02,XDWS.MI,43.084999084472656,43.084999084472656,42.8849983215332,43.02000045776367,3741
2022-08-03,XDWS.MI,42.994998931884766,43.07500076293945,42.83000183105469,43.07500076293945,829
2022-08-04,XDWS.MI,43.0099983215332,43.029998779296875,42.70000076293945,42.70000076293945,3253
2022-08-05,XDWS.MI,42.724998474121094,42.77000045776367,42.5,42.5099983215332,2268
2022-08-08,XDWS.MI,42.68000030517578,42.869998931884766,42.64500045776367,42.78499984741211,1899
2022-08-09,XDWS.MI,42.55500030517578,42.6349983215332,42.459999084472656,42.58000183105469,1379
2022-08-10,XDWS.MI,42.61000061035156,42.630001068115234,42.415000915527344,42.439998626708984,504
2022-08-11,XDWS.MI,42.5,42.665000915527344,42.439998626708984,42.63999938964844,476
2022-08-12,XDWS.MI,42.56999969482422,42.7599983215332,42.56999969482422,42.755001068115234,344
2022-08-16,XDWS.MI,43.529998779296875,43.869998931884766,43.48500061035156,43.84000015258789,4709
2022-08-17,XDWS.MI,44.03499984741211,44.03499984741211,43.79999923706055,43.92499923706055,3597
2022-08-18,XDWS.MI,43.80500030517578,44.04499816894531,43.80500030517578,44.01499938964844,1669
2022-08-19,XDWS.MI,44.03499984741211,44.2599983215332,44.03499984741211,44.25,901
2022-08-22,XDWS.MI,44.189998626708984,44.39500045776367,44.1150016784668,44.39500045776367,2113
2022-08-23,XDWS.MI,44.28499984741211,44.28499984741211,43.755001068115234,43.779998779296875,2169
2022-08-24,XDWS.MI,43.76499938964844,44.10499954223633,43.76499938964844,44.025001525878906,570
2022-08-25,XDWS.MI,44.119998931884766,44.165000915527344,43.880001068115234,43.939998626708984,4955
2022-08-26,XDWS.MI,43.98500061035156,43.98500061035156,43.369998931884766,43.43000030517578,1585
2022-08-29,XDWS.MI,43.01499938964844,43.11000061035156,42.744998931884766,42.904998779296875,3750
2022-08-30,XDWS.MI,43.13999938964844,43.13999938964844,42.6349983215332,42.6349983215332,4987
2022-08-31,XDWS.MI,42.64500045776367,42.64500045776367,42.32500076293945,42.32500076293945,2337
2022-09-01,XDWS.MI,42.10499954223633,42.380001068115234,41.90999984741211,42.380001068115234,6182
2022-09-02,XDWS.MI,42.314998626708984,42.59000015258789,42.22999954223633,42.55500030517578,18079
2022-09-05,XDWS.MI,42.1349983215332,42.29999923706055,42.08000183105469,42.29999923706055,7547
2022-09-06,XDWS.MI,42.209999084472656,42.439998626708984,42.14500045776367,42.279998779296875,22442
2022-09-07,XDWS.MI,42.02000045776367,42.16999816894531,41.849998474121094,42.125,3764
2022-09-08,XDWS.MI,42.18000030517578,42.279998779296875,41.97999954223633,42.279998779296875,2653
2022-09-09,XDWS.MI,42.03499984741211,42.415000915527344,42.03499984741211,42.3650016784668,11272
2022-09-12,XDWS.MI,42.01499938964844,42.619998931884766,42.01499938964844,42.584999084472656,17076
2022-09-13,XDWS.MI,42.584999084472656,42.584999084472656,42.584999084472656,42.584999084472656,0
2022-09-14,XDWS.MI,42.584999084472656,42.584999084472656,42.584999084472656,42.584999084472656,0
2022-09-15,XDWS.MI,42.584999084472656,42.584999084472656,42.584999084472656,42.584999084472656,0
2022-09-16,XDWS.MI,42.584999084472656,42.584999084472656,42.584999084472656,42.584999084472656,0
2022-09-19,XDWS.MI,42.584999084472656,42.584999084472656,42.584999084472656,42.584999084472656,0
2022-09-20,XDWS.MI,42.584999084472656,42.584999084472656,42.584999084472656,42.584999084472656,0
2022-09-21,XDWS.MI,41.435001373291016,41.90999984741211,41.435001373291016,41.90999984741211,992
2022-09-22,XDWS.MI,41.5099983215332,41.70500183105469,41.5099983215332,41.55500030517578,3388
2022-09-23,XDWS.MI,41.59000015258789,41.599998474121094,41.224998474121094,41.26499938964844,11004
2022-09-26,XDWS.MI,41.29999923706055,41.595001220703125,41.150001525878906,41.474998474121094,1363
2022-09-27,XDWS.MI,41.71500015258789,41.79999923706055,41.375,41.375,10941
2022-09-28,XDWS.MI,41.14500045776367,41.20000076293945,40.869998931884766,41.07500076293945,2018
2022-09-29,XDWS.MI,40.95000076293945,40.95000076293945,40.415000915527344,40.415000915527344,763
2022-09-30,XDWS.MI,40.46500015258789,40.52000045776367,40.27000045776367,40.32500076293945,800
2022-10-03,XDWS.MI,39.845001220703125,40.095001220703125,39.584999084472656,39.97999954223633,7135
2022-10-04,XDWS.MI,40.404998779296875,40.494998931884766,40.29499816894531,40.29499816894531,2212
2022-10-05,XDWS.MI,40.35499954223633,40.439998626708984,40.209999084472656,40.2400016784668,8172
2022-10-06,XDWS.MI,40.43000030517578,40.43000030517578,40.20500183105469,40.29499816894531,1788
2022-10-07,XDWS.MI,40.03499984741211,40.21500015258789,39.84000015258789,39.84000015258789,5991
2022-10-10,XDWS.MI,39.834999084472656,39.92499923706055,39.665000915527344,39.92499923706055,1985
2022-10-11,XDWS.MI,39.665000915527344,40.21500015258789,39.61000061035156,40.189998626708984,1251
2022-10-12,XDWS.MI,40.119998931884766,40.619998931884766,40.119998931884766,40.53499984741211,1723
2022-10-13,XDWS.MI,40.20500183105469,40.415000915527344,39.75,40.1150016784668,3636
2022-10-14,XDWS.MI,40.39500045776367,40.8650016784668,40.314998626708984,40.369998931884766,1591
2022-10-17,XDWS.MI,40.42499923706055,40.45500183105469,40.2599983215332,40.3849983215332,972
2022-10-18,XDWS.MI,40.400001525878906,40.599998474121094,40.290000915527344,40.470001220703125,26622
2022-10-19,XDWS.MI,40.55500030517578,40.69499969482422,40.400001525878906,40.54499816894531,7232
2022-10-20,XDWS.MI,40.31999969482422,40.435001373291016,40.150001525878906,40.185001373291016,3592
2022-10-21,XDWS.MI,39.970001220703125,40.084999084472656,39.814998626708984,40.084999084472656,757
2022-10-24,XDWS.MI,40.255001068115234,40.77000045776367,40.19499969482422,40.494998931884766,1780
2022-10-25,XDWS.MI,40.755001068115234,40.904998779296875,40.67499923706055,40.709999084472656,761
2022-10-26,XDWS.MI,40.95000076293945,40.95000076293945,40.540000915527344,40.81999969482422,668
2022-10-27,XDWS.MI,40.84000015258789,41.0099983215332,40.79499816894531,41.0099983215332,3984
2022-10-28,XDWS.MI,40.875,41.6150016784668,40.875,41.54999923706055,1257
2022-10-31,XDWS.MI,41.540000915527344,41.970001220703125,41.540000915527344,41.88999938964844,2934
2022-11-01,XDWS.MI,42.005001068115234,42.03499984741211,41.79999923706055,41.849998474121094,3610
2022-11-02,XDWS.MI,41.8650016784668,41.8650016784668,41.505001068115234,41.630001068115234,3624
2022-11-03,XDWS.MI,41.540000915527344,41.56999969482422,41.22999954223633,41.459999084472656,9158
2022-11-04,XDWS.MI,41.44499969482422,41.61000061035156,41.28499984741211,41.28499984741211,2017
2022-11-07,XDWS.MI,41.314998626708984,41.474998474121094,41.27000045776367,41.334999084472656,6554
2022-11-08,XDWS.MI,41.43000030517578,41.630001068115234,41.43000030517578,41.540000915527344,2660
2022-11-09,XDWS.MI,41.400001525878906,41.60499954223633,41.349998474121094,41.494998931884766,7798
2022-11-10,XDWS.MI,41.40999984741211,41.790000915527344,41.400001525878906,41.630001068115234,8308
2022-11-11,XDWS.MI,41.75,41.75,40.880001068115234,40.935001373291016,3479
2022-11-14,XDWS.MI,41.255001068115234,41.51499938964844,41.21500015258789,41.220001220703125,3716
2022-11-15,XDWS.MI,40.92499923706055,41.334999084472656,40.900001525878906,41.16999816894531,39772
2022-11-16,XDWS.MI,41.14500045776367,41.380001068115234,40.88999938964844,41.244998931884766,14426
2022-11-17,XDWS.MI,41.36000061035156,41.42499923706055,41.165000915527344,41.28499984741211,1058
2022-11-18,XDWS.MI,41.54999923706055,42.029998779296875,41.51499938964844,41.71500015258789,22078
2022-11-21,XDWS.MI,42.125,42.415000915527344,42.0099983215332,42.415000915527344,7931
2022-11-22,XDWS.MI,42.400001525878906,42.6349983215332,42.400001525878906,42.58000183105469,3417
2022-11-23,XDWS.MI,42.54999923706055,42.650001525878906,42.459999084472656,42.650001525878906,2224
2022-11-24,XDWS.MI,42.56999969482422,42.63999938964844,42.459999084472656,42.599998474121094,1774
2022-11-25,XDWS.MI,42.625,42.66999816894531,42.4900016784668,42.58000183105469,25074
2022-11-28,XDWS.MI,42.625,42.65999984741211,42.165000915527344,42.65999984741211,9310
2022-11-29,XDWS.MI,42.6349983215332,42.665000915527344,42.349998474121094,42.349998474121094,9614
2022-11-30,XDWS.MI,42.494998931884766,42.59000015258789,42.34000015258789,42.53499984741211,11637
2022-12-01,XDWS.MI,42.869998931884766,42.91999816894531,42.57500076293945,42.57500076293945,8282
2022-12-02,XDWS.MI,42.57500076293945,42.75,42.5,42.68000030517578,3133
2022-12-05,XDWS.MI,42.6150016784668,42.6150016784668,42.15999984741211,42.29499816894531,10017
2022-12-06,XDWS.MI,42.20500183105469,42.375,42.13999938964844,42.13999938964844,5657
2022-12-07,XDWS.MI,42.380001068115234,42.380001068115234,41.88999938964844,42.07500076293945,9240
2022-12-08,XDWS.MI,42.0,42.099998474121094,41.875,42.0,2013
2022-12-09,XDWS.MI,42.04499816894531,42.21500015258789,42.04499816894531,42.07500076293945,662
2022-12-12,XDWS.MI,41.959999084472656,41.959999084472656,41.71500015258789,41.91999816894531,1833
2022-12-13,XDWS.MI,42.0,42.369998931884766,41.92499923706055,41.92499923706055,3313
2022-12-14,XDWS.MI,41.834999084472656,42.09000015258789,41.779998779296875,42.09000015258789,729
2022-12-15,XDWS.MI,41.90999984741211,41.90999984741211,40.959999084472656,40.959999084472656,4086
2022-12-16,XDWS.MI,40.92499923706055,40.974998474121094,40.77000045776367,40.95500183105469,2720
2022-12-19,XDWS.MI,41.04999923706055,41.30500030517578,41.0,41.15999984741211,605
2022-12-20,XDWS.MI,41.125,41.125,40.84000015258789,40.88999938964844,833
2022-12-21,XDWS.MI,40.98500061035156,41.54499816894531,40.98500061035156,41.53499984741211,72181
2022-12-22,XDWS.MI,41.51499938964844,41.525001525878906,41.189998626708984,41.209999084472656,366
2022-12-23,XDWS.MI,41.25,41.3650016784668,41.14500045776367,41.21500015258789,17866
2022-12-27,XDWS.MI,41.459999084472656,41.494998931884766,41.36000061035156,41.39500045776367,25908
2022-12-28,XDWS.MI,41.494998931884766,41.59000015258789,41.345001220703125,41.345001220703125,1204
2022-12-29,XDWS.MI,41.01499938964844,41.19499969482422,41.01499938964844,41.19499969482422,859
2022-12-30,XDWS.MI,41.025001525878906,41.06999969482422,40.744998931884766,40.744998931884766,987
2023-01-02,XDWS.MI,41.29499816894531,41.40999984741211,41.19499969482422,41.40999984741211,2085
2023-01-03,XDWS.MI,41.279998779296875,41.64500045776367,41.14500045776367,41.14500045776367,4781
2023-01-04,XDWS.MI,41.349998474121094,41.494998931884766,41.290000915527344,41.400001525878906,1248
2023-01-05,XDWS.MI,41.22999954223633,41.57500076293945,41.22999954223633,41.2599983215332,1661
2023-01-06,XDWS.MI,41.345001220703125,41.86000061035156,41.345001220703125,41.790000915527344,2256
2023-01-09,XDWS.MI,41.68000030517578,41.744998931884766,41.53499984741211,41.71500015258789,2452
2023-01-10,XDWS.MI,41.29999923706055,41.29999923706055,41.14500045776367,41.15999984741211,48086
2023-01-11,XDWS.MI,41.154998779296875,41.36000061035156,41.05500030517578,41.05500030517578,8348
2023-01-12,XDWS.MI,41.27000045776367,41.30500030517578,40.915000915527344,40.915000915527344,1940
2023-01-13,XDWS.MI,40.89500045776367,40.97999954223633,40.779998779296875,40.94499969482422,7152
2023-01-16,XDWS.MI,41.119998931884766,41.224998474121094,41.060001373291016,41.20000076293945,4770
2023-01-17,XDWS.MI,41.119998931884766,41.439998626708984,41.099998474121094,41.43000030517578,2014
2023-01-18,XDWS.MI,41.375,41.375,40.709999084472656,40.709999084472656,10593
2023-01-19,XDWS.MI,40.5,40.52000045776367,40.150001525878906,40.48500061035156,2226
2023-01-20,XDWS.MI,40.150001525878906,40.25,39.994998931884766,40.20000076293945,11472
2023-01-23,XDWS.MI,40.150001525878906,40.44499969482422,40.09000015258789,40.44499969482422,6181
2023-01-24,XDWS.MI,40.459999084472656,40.459999084472656,40.16999816894531,40.31999969482422,3288
2023-01-25,XDWS.MI,40.35499954223633,40.46500015258789,40.03499984741211,40.150001525878906,14307
2023-01-26,XDWS.MI,40.369998931884766,40.380001068115234,40.185001373291016,40.185001373291016,561
2023-01-27,XDWS.MI,40.22999954223633,40.22999954223633,40.064998626708984,40.084999084472656,1654
2023-01-30,XDWS.MI,40.01499938964844,40.34000015258789,39.89500045776367,40.290000915527344,2761
2023-01-31,XDWS.MI,40.435001373291016,40.45000076293945,40.275001525878906,40.38999938964844,1795
2023-02-01,XDWS.MI,40.5,40.51499938964844,40.29999923706055,40.404998779296875,1391
2023-02-02,XDWS.MI,40.4900016784668,40.4900016784668,40.189998626708984,40.404998779296875,1480
2023-02-03,XDWS.MI,40.435001373291016,40.55500030517578,40.28499984741211,40.42499923706055,2487
2023-02-06,XDWS.MI,40.494998931884766,40.76499938964844,40.474998474121094,40.73500061035156,2118
2023-02-07,XDWS.MI,40.89500045776367,40.89500045776367,40.45500183105469,40.525001525878906,14423
2023-02-08,XDWS.MI,40.685001373291016,40.685001373291016,40.41999816894531,40.44499969482422,9614
2023-02-09,XDWS.MI,40.619998931884766,40.619998931884766,40.36000061035156,40.369998931884766,3262
2023-02-10,XDWS.MI,40.349998474121094,40.52000045776367,40.275001525878906,40.52000045776367,8250
2023-02-13,XDWS.MI,40.755001068115234,40.96500015258789,40.65999984741211,40.96500015258789,8527
2023-02-14,XDWS.MI,41.16999816894531,41.16999816894531,40.834999084472656,40.834999084472656,3775
2023-02-15,XDWS.MI,40.71500015258789,40.939998626708984,40.71500015258789,40.939998626708984,5337
2023-02-16,XDWS.MI,40.974998474121094,41.04499816894531,40.71500015258789,40.82500076293945,2411
2023-02-17,XDWS.MI,40.69499969482422,40.970001220703125,40.61000061035156,40.92499923706055,1369
2023-02-20,XDWS.MI,41.08000183105469,41.095001220703125,41.02000045776367,41.05500030517578,1411
2023-02-21,XDWS.MI,41.1349983215332,41.150001525878906,40.97999954223633,41.08000183105469,1952
2023-02-22,XDWS.MI,41.18000030517578,41.400001525878906,41.165000915527344,41.39500045776367,3449
2023-02-23,XDWS.MI,41.29999923706055,41.369998931884766,41.150001525878906,41.150001525878906,1095
2023-02-24,XDWS.MI,41.20000076293945,41.279998779296875,40.97999954223633,40.97999954223633,1220
2023-02-27,XDWS.MI,41.20500183105469,41.290000915527344,41.05500030517578,41.05500030517578,912
2023-02-28,XDWS.MI,40.79999923706055,40.88999938964844,40.529998779296875,40.68000030517578,1929
2023-03-01,XDWS.MI,40.525001525878906,40.55500030517578,40.0,40.01499938964844,8043
2023-03-02,XDWS.MI,40.03499984741211,40.63999938964844,40.025001525878906,40.63999938964844,31817
2023-03-03,XDWS.MI,40.79999923706055,40.869998931884766,40.6150016784668,40.790000915527344,2019
2023-03-06,XDWS.MI,40.68000030517578,40.7599983215332,40.56999969482422,40.56999969482422,7480
2023-03-07,XDWS.MI,40.650001525878906,40.72999954223633,40.57500076293945,40.57500076293945,2589
2023-03-08,XDWS.MI,40.70000076293945,40.73500061035156,40.63999938964844,40.63999938964844,2466
2023-03-09,XDWS.MI,40.720001220703125,40.744998931884766,40.685001373291016,40.685001373291016,1027
2023-03-10,XDWS.MI,40.220001220703125,40.400001525878906,40.04999923706055,40.185001373291016,1424
2023-03-13,XDWS.MI,40.005001068115234,40.22999954223633,39.84000015258789,40.084999084472656,65221
2023-03-14,XDWS.MI,40.220001220703125,40.220001220703125,39.970001220703125,40.150001525878906,7148
2023-03-15,XDWS.MI,40.185001373291016,40.599998474121094,40.0,40.47999954223633,71379
2023-03-16,XDWS.MI,40.76499938964844,40.790000915527344,40.66999816894531,40.73500061035156,3161
2023-03-17,XDWS.MI,40.79999923706055,40.79999923706055,40.41999816894531,40.45500183105469,17874
2023-03-20,XDWS.MI,40.33000183105469,40.584999084472656,40.33000183105469,40.56999969482422,580
2023-03-21,XDWS.MI,40.71500015258789,40.75,40.415000915527344,40.415000915527344,840
2023-03-22,XDWS.MI,40.619998931884766,40.79999923706055,40.53499984741211,40.755001068115234,6782
2023-03-23,XDWS.MI,40.27000045776367,40.314998626708984,40.119998931884766,40.314998626708984,507
2023-03-24,XDWS.MI,40.400001525878906,40.86000061035156,40.400001525878906,40.814998626708984,5110
2023-03-27,XDWS.MI,41.125,41.16999816894531,41.084999084472656,41.1349983215332,1716
2023-03-28,XDWS.MI,41.10499954223633,41.10499954223633,40.94499969482422,41.084999084472656,1525
2023-03-29,XDWS.MI,41.150001525878906,41.29999923706055,41.150001525878906,41.25,1974
2023-03-30,XDWS.MI,41.255001068115234,41.39500045776367,41.10499954223633,41.16999816894531,34603
2023-03-31,XDWS.MI,41.31999969482422,41.560001373291016,41.31999969482422,41.560001373291016,948
2023-04-03,XDWS.MI,41.630001068115234,41.69499969482422,41.5,41.69499969482422,11636
2023-04-04,XDWS.MI,41.814998626708984,41.814998626708984,41.53499984741211,41.53499984741211,506
2023-04-05,XDWS.MI,41.52000045776367,41.94499969482422,41.4900016784668,41.94499969482422,5957
2023-04-06,XDWS.MI,41.95000076293945,42.0,41.84000015258789,41.90999984741211,1024
2023-04-11,XDWS.MI,42.13999938964844,42.20000076293945,41.849998474121094,42.005001068115234,2169
2023-04-12,XDWS.MI,41.90999984741211,41.974998474121094,41.68000030517578,41.7400016784668,1943
2023-04-13,XDWS.MI,41.814998626708984,41.814998626708984,41.32500076293945,41.45000076293945,1815
2023-04-14,XDWS.MI,41.650001525878906,41.779998779296875,41.6150016784668,41.66999816894531,13529
2023-04-17,XDWS.MI,41.709999084472656,42.099998474121094,41.709999084472656,42.09000015258789,4862
2023-04-18,XDWS.MI,42.08000183105469,42.08000183105469,41.93000030517578,41.93000030517578,2275
2023-04-19,XDWS.MI,42.05500030517578,42.28499984741211,42.04999923706055,42.165000915527344,4516
2023-04-20,XDWS.MI,42.18000030517578,42.26499938964844,42.02000045776367,42.26499938964844,69950
2023-04-21,XDWS.MI,42.375,42.60499954223633,42.369998931884766,42.48500061035156,3134
2023-04-24,XDWS.MI,42.56999969482422,42.56999969482422,42.34000015258789,42.525001525878906,4350
2023-04-25,XDWS.MI,42.400001525878906,42.79999923706055,42.34000015258789,42.79999923706055,2038
2023-04-26,XDWS.MI,42.595001220703125,42.595001220703125,42.279998779296875,42.334999084472656,3937
2023-04-27,XDWS.MI,42.150001525878906,42.45000076293945,42.150001525878906,42.375,2060
2023-04-28,XDWS.MI,42.560001373291016,42.720001220703125,42.540000915527344,42.584999084472656,7285
2023-05-02,XDWS.MI,42.76499938964844,42.8650016784668,42.404998779296875,42.415000915527344,679
2023-05-03,XDWS.MI,42.82500076293945,42.82500076293945,42.51499938964844,42.52000045776367,1145
2023-05-04,XDWS.MI,42.459999084472656,42.560001373291016,42.25,42.44499969482422,1783
2023-05-05,XDWS.MI,42.525001525878906,42.70000076293945,42.380001068115234,42.70000076293945,4475
2023-05-08,XDWS.MI,42.540000915527344,42.72999954223633,42.540000915527344,42.650001525878906,2914
2023-05-09,XDWS.MI,42.75,42.81999969482422,42.625,42.790000915527344,862
2023-05-10,XDWS.MI,42.630001068115234,42.654998779296875,42.334999084472656,42.38999938964844,2476
2023-05-11,XDWS.MI,42.59000015258789,42.7400016784668,42.494998931884766,42.59000015258789,13932
2023-05-12,XDWS.MI,42.75,42.91999816894531,42.75,42.845001220703125,11676
2023-05-15,XDWS.MI,43.029998779296875,43.165000915527344,42.834999084472656,42.8849983215332,3346
2023-05-16,XDWS.MI,42.810001373291016,42.8650016784668,42.650001525878906,42.779998779296875,1841
2023-05-17,XDWS.MI,42.720001220703125,42.79499816894531,42.439998626708984,42.439998626708984,14393
2023-05-18,XDWS.MI,42.52000045776367,42.724998474121094,42.52000045776367,42.52000045776367,1627
2023-05-19,XDWS.MI,42.60499954223633,42.689998626708984,42.494998931884766,42.494998931884766,637
2023-05-22,XDWS.MI,42.67499923706055,42.67499923706055,42.21500015258789,42.21500015258789,936
2023-05-23,XDWS.MI,42.1150016784668,42.189998626708984,42.0,42.05500030517578,2908
2023-05-24,XDWS.MI,41.98500061035156,41.98500061035156,41.599998474121094,41.70500183105469,9290
2023-05-25,XDWS.MI,41.63999938964844,41.70500183105469,41.459999084472656,41.529998779296875,2805
2023-05-26,XDWS.MI,41.51499938964844,41.779998779296875,41.45000076293945,41.72999954223633,6241
2023-05-29,XDWS.MI,41.6150016784668,41.779998779296875,41.6150016784668,41.779998779296875,1875
2023-05-30,XDWS.MI,41.83000183105469,41.83000183105469,41.0,41.06999969482422,1786
2023-05-31,XDWS.MI,41.06999969482422,41.23500061035156,41.06999969482422,41.189998626708984,1485
2023-06-01,XDWS.MI,41.34000015258789,41.34000015258789,40.994998931884766,41.189998626708984,1247
2023-06-02,XDWS.MI,41.154998779296875,41.564998626708984,41.064998626708984,41.564998626708984,801
2023-06-05,XDWS.MI,41.57500076293945,41.80500030517578,41.52000045776367,41.564998626708984,4378
2023-06-06,XDWS.MI,41.45500183105469,41.75,41.42499923706055,41.470001220703125,2445
2023-06-07,XDWS.MI,41.564998626708984,41.564998626708984,41.150001525878906,41.28499984741211,1216
2023-06-08,XDWS.MI,41.28499984741211,41.28499984741211,41.064998626708984,41.064998626708984,2778
2023-06-09,XDWS.MI,41.26499938964844,41.31999969482422,41.1150016784668,41.209999084472656,1954
2023-06-12,XDWS.MI,41.47999954223633,41.47999954223633,41.14500045776367,41.14500045776367,409
2023-06-13,XDWS.MI,41.15999984741211,41.2400016784668,41.0,41.2400016784668,5695
2023-06-14,XDWS.MI,41.3849983215332,41.44499969482422,41.314998626708984,41.400001525878906,1487
2023-06-15,XDWS.MI,41.34000015258789,41.47999954223633,41.189998626708984,41.31999969482422,3201
2023-06-16,XDWS.MI,41.459999084472656,41.69499969482422,41.459999084472656,41.65999984741211,464
2023-06-19,XDWS.MI,41.51499938964844,41.55500030517578,41.3650016784668,41.3650016784668,798
2023-06-20,XDWS.MI,41.369998931884766,41.4900016784668,41.279998779296875,41.279998779296875,1154
2023-06-21,XDWS.MI,41.20000076293945,41.2400016784668,41.154998779296875,41.22999954223633,1294
2023-06-22,XDWS.MI,41.0,41.255001068115234,40.904998779296875,41.255001068115234,1999
2023-06-23,XDWS.MI,41.58000183105469,41.630001068115234,41.46500015258789,41.46500015258789,583
2023-06-26,XDWS.MI,41.3849983215332,41.3849983215332,41.11000061035156,41.16999816894531,8173
2023-06-27,XDWS.MI,41.150001525878906,41.17499923706055,41.005001068115234,41.119998931884766,2298
2023-06-28,XDWS.MI,41.44499969482422,41.44499969482422,41.0,41.18000030517578,10393
2023-06-29,XDWS.MI,41.30500030517578,41.30500030517578,41.125,41.244998931884766,1646
2023-06-30,XDWS.MI,41.43000030517578,41.525001525878906,41.415000915527344,41.5,1118
2023-07-03,XDWS.MI,41.64500045776367,41.72999954223633,41.5099983215332,41.72999954223633,3665
2023-07-04,XDWS.MI,41.709999084472656,41.83000183105469,41.709999084472656,41.744998931884766,485
2023-07-05,XDWS.MI,41.775001525878906,41.79499816894531,41.60499954223633,41.724998474121094,1622
2023-07-06,XDWS.MI,41.584999084472656,41.584999084472656,41.404998779296875,41.459999084472656,587
2023-07-07,XDWS.MI,41.3650016784668,41.3849983215332,41.029998779296875,41.029998779296875,771
2023-07-10,XDWS.MI,40.845001220703125,41.084999084472656,40.79999923706055,40.880001068115234,1085
2023-07-11,XDWS.MI,40.72999954223633,40.900001525878906,40.650001525878906,40.790000915527344,1271
2023-07-12,XDWS.MI,40.775001525878906,40.83000183105469,40.724998474121094,40.7599983215332,2177
2023-07-13,XDWS.MI,40.78499984741211,40.80500030517578,40.54999923706055,40.54999923706055,16642
2023-07-14,XDWS.MI,40.54499816894531,40.654998779296875,40.505001068115234,40.55500030517578,21654
2023-07-17,XDWS.MI,40.65999984741211,40.65999984741211,40.5,40.54499816894531,654
2023-07-18,XDWS.MI,40.42499923706055,40.69499969482422,40.41999816894531,40.69499969482422,662
2023-07-19,XDWS.MI,40.625,40.880001068115234,40.525001525878906,40.755001068115234,1398
2023-07-20,XDWS.MI,40.875,41.154998779296875,40.810001373291016,41.154998779296875,2332
2023-07-21,XDWS.MI,41.349998474121094,41.4900016784668,41.279998779296875,41.42499923706055,4052
2023-07-24,XDWS.MI,41.42499923706055,41.58000183105469,41.23500061035156,41.56999969482422,783
2023-07-25,XDWS.MI,41.790000915527344,41.89500045776367,41.685001373291016,41.744998931884766,17929
2023-07-26,XDWS.MI,41.70000076293945,41.834999084472656,41.6150016784668,41.81999969482422,3873
2023-07-27,XDWS.MI,41.83000183105469,42.26499938964844,41.7400016784668,42.15999984741211,2004
2023-07-28,XDWS.MI,42.10499954223633,42.20500183105469,42.025001525878906,42.185001373291016,1581
2023-07-31,XDWS.MI,42.005001068115234,42.08000183105469,41.8650016784668,41.8650016784668,9760
2023-08-01,XDWS.MI,41.97999954223633,42.029998779296875,41.7599983215332,41.7599983215332,34635
2023-08-02,XDWS.MI,41.4900016784668,41.88999938964844,41.4900016784668,41.88999938964844,2583
2023-08-03,XDWS.MI,41.7400016784668,41.779998779296875,41.63999938964844,41.63999938964844,4900
2023-08-04,XDWS.MI,41.78499984741211,41.78499984741211,41.31999969482422,41.31999969482422,2168
2023-08-07,XDWS.MI,41.33000183105469,41.44499969482422,41.23500061035156,41.38999938964844,605
2023-08-08,XDWS.MI,41.54999923706055,41.560001373291016,41.349998474121094,41.349998474121094,1019
2023-08-09,XDWS.MI,41.42499923706055,41.5099983215332,41.400001525878906,41.42499923706055,483
2023-08-10,XDWS.MI,41.494998931884766,41.619998931884766,41.3650016784668,41.619998931884766,1040
2023-08-11,XDWS.MI,41.439998626708984,41.47999954223633,41.33000183105469,41.40999984741211,632
2023-08-14,XDWS.MI,41.63999938964844,41.79499816894531,41.52000045776367,41.599998474121094,5908
2023-08-16,XDWS.MI,41.11000061035156,41.244998931884766,41.099998474121094,41.244998931884766,1018
2023-08-17,XDWS.MI,41.04499816894531,41.15999984741211,40.95000076293945,40.95000076293945,568
2023-08-18,XDWS.MI,40.80500030517578,40.849998474121094,40.599998474121094,40.849998474121094,2058
2023-08-21,XDWS.MI,40.86000061035156,40.959999084472656,40.60499954223633,40.60499954223633,3749
2023-08-22,XDWS.MI,40.60499954223633,40.79999923706055,40.60499954223633,40.60499954223633,693
2023-08-23,XDWS.MI,40.86000061035156,40.939998626708984,40.78499984741211,40.78499984741211,6119
2023-08-24,XDWS.MI,40.92499923706055,40.96500015258789,40.79499816894531,40.92499923706055,1028
2023-08-25,XDWS.MI,40.92499923706055,41.07500076293945,40.8849983215332,41.07500076293945,2337
2023-08-28,XDWS.MI,41.119998931884766,41.2400016784668,41.0099983215332,41.125,2102
2023-08-29,XDWS.MI,41.119998931884766,41.310001373291016,41.11000061035156,41.125,157
2023-08-30,XDWS.MI,41.29499816894531,41.35499954223633,41.07500076293945,41.07500076293945,739
2023-08-31,XDWS.MI,41.23500061035156,41.290000915527344,41.220001220703125,41.224998474121094,1021
2023-09-01,XDWS.MI,41.21500015258789,41.30500030517578,41.09000015258789,41.09000015258789,553
2023-09-04,XDWS.MI,41.099998474121094,41.14500045776367,40.96500015258789,40.96500015258789,665
2023-09-05,XDWS.MI,41.025001525878906,41.14500045776367,41.005001068115234,41.005001068115234,877
2023-09-06,XDWS.MI,40.685001373291016,40.82500076293945,40.67499923706055,40.76499938964844,838
2023-09-07,XDWS.MI,40.869998931884766,41.0,40.814998626708984,40.90999984741211,1076
2023-09-08,XDWS.MI,40.91999816894531,40.974998474121094,40.8849983215332,40.904998779296875,827
2023-09-11,XDWS.MI,41.02000045776367,41.125,40.98500061035156,41.125,291
2023-09-12,XDWS.MI,41.26499938964844,41.310001373291016,41.040000915527344,41.040000915527344,609
2023-09-13,XDWS.MI,40.82500076293945,40.94499969482422,40.80500030517578,40.94499969482422,142
2023-09-14,XDWS.MI,41.02000045776367,41.404998779296875,41.0099983215332,41.404998779296875,441
2023-09-15,XDWS.MI,41.7400016784668,41.7400016784668,41.42499923706055,41.42499923706055,841
2023-09-18,XDWS.MI,41.33000183105469,41.41999816894531,41.16999816894531,41.16999816894531,2069
2023-09-19,XDWS.MI,41.29999923706055,41.310001373291016,41.095001220703125,41.095001220703125,1134
2023-09-20,XDWS.MI,41.23500061035156,41.310001373291016,41.13999938964844,41.310001373291016,788
2023-09-21,XDWS.MI,41.27000045776367,41.27000045776367,41.060001373291016,41.060001373291016,1675
2023-09-22,XDWS.MI,40.83000183105469,41.0099983215332,40.83000183105469,40.869998931884766,1643
2023-09-25,XDWS.MI,40.790000915527344,40.8849983215332,40.619998931884766,40.689998626708984,225
2023-09-26,XDWS.MI,40.560001373291016,40.595001220703125,40.28499984741211,40.404998779296875,75442
2023-09-27,XDWS.MI,40.349998474121094,40.44499969482422,40.29499816894531,40.29499816894531,2686
2023-09-28,XDWS.MI,40.189998626708984,40.209999084472656,40.040000915527344,40.1150016784668,1734
2023-09-29,XDWS.MI,40.255001068115234,40.32500076293945,40.209999084472656,40.209999084472656,373
2023-10-02,XDWS.MI,40.20500183105469,40.25,39.939998626708984,40.02000045776367,4002
2023-10-03,XDWS.MI,40.03499984741211,40.14500045776367,39.845001220703125,39.939998626708984,3201
2023-10-04,XDWS.MI,39.83000183105469,39.96500015258789,39.73500061035156,39.79499816894531,25384
2023-10-05,XDWS.MI,40.04999923706055,40.08000183105469,39.689998626708984,39.689998626708984,627
2023-10-06,XDWS.MI,39.439998626708984,39.439998626708984,38.65999984741211,38.8650016784668,1585
2023-10-09,XDWS.MI,39.275001525878906,39.275001525878906,39.0,39.040000915527344,5021
2023-10-10,XDWS.MI,39.404998779296875,39.68000030517578,39.404998779296875,39.63999938964844,286
2023-10-11,XDWS.MI,39.6150016784668,39.7599983215332,39.375,39.380001068115234,915
2023-10-12,XDWS.MI,39.5,39.65999984741211,39.13999938964844,39.25,4386
2023-10-13,XDWS.MI,39.369998931884766,39.4900016784668,39.1349983215332,39.32500076293945,683
2023-10-16,XDWS.MI,39.33000183105469,39.6349983215332,39.31999969482422,39.6150016784668,4770
2023-10-17,XDWS.MI,39.584999084472656,39.595001220703125,39.494998931884766,39.560001373291016,506
2023-10-18,XDWS.MI,39.564998626708984,39.875,39.564998626708984,39.814998626708984,3773
2023-10-19,XDWS.MI,39.6150016784668,39.68000030517578,39.345001220703125,39.47999954223633,15340
2023-10-20,XDWS.MI,39.17499923706055,39.404998779296875,39.1150016784668,39.314998626708984,546
2023-10-23,XDWS.MI,39.220001220703125,39.220001220703125,38.93000030517578,39.06999969482422,2095
2023-10-24,XDWS.MI,38.91999816894531,39.40999984741211,38.91999816894531,39.380001068115234,657
2023-10-25,XDWS.MI,39.334999084472656,39.599998474121094,39.31999969482422,39.599998474121094,1238
2023-10-26,XDWS.MI,39.5,39.66999816894531,39.46500015258789,39.625,9392
2023-10-27,XDWS.MI,39.375,39.375,38.91999816894531,38.91999816894531,1495
2023-10-30,XDWS.MI,38.91999816894531,39.10499954223633,38.79499816894531,39.084999084472656,3929
2023-10-31,XDWS.MI,39.19499969482422,39.40999984741211,39.17499923706055,39.40999984741211,6995
2023-11-01,XDWS.MI,39.57500076293945,39.685001373291016,39.564998626708984,39.650001525878906,1035
2023-11-02,XDWS.MI,39.70500183105469,39.88999938964844,39.51499938964844,39.88999938964844,2226
2023-11-03,XDWS.MI,39.86000061035156,39.970001220703125,39.83000183105469,39.83000183105469,1578
2023-11-06,XDWS.MI,39.79499816894531,39.79499816894531,39.650001525878906,39.7599983215332,14627
2023-11-07,XDWS.MI,39.7599983215332,39.939998626708984,39.744998931884766,39.939998626708984,2341
2023-11-08,XDWS.MI,39.8849983215332,39.974998474121094,39.77000045776367,39.77000045776367,15708
2023-11-09,XDWS.MI,39.814998626708984,39.90999984741211,39.77000045776367,39.77000045776367,402
2023-11-10,XDWS.MI,39.70500183105469,39.7400016784668,39.459999084472656,39.59000015258789,270
2023-11-13,XDWS.MI,39.619998931884766,39.79999923706055,39.619998931884766,39.775001525878906,531
2023-11-14,XDWS.MI,39.880001068115234,39.880001068115234,39.625,39.810001373291016,2420
2023-11-15,XDWS.MI,39.849998474121094,39.974998474121094,39.81999969482422,39.81999969482422,8795
2023-11-16,XDWS.MI,39.82500076293945,39.82500076293945,39.40999984741211,39.45000076293945,249
2023-11-17,XDWS.MI,39.564998626708984,39.564998626708984,39.29999923706055,39.29999923706055,1075
2023-11-20,XDWS.MI,39.130001068115234,39.27000045776367,39.10499954223633,39.10499954223633,251
2023-11-21,XDWS.MI,39.119998931884766,39.415000915527344,39.099998474121094,39.415000915527344,3205
2023-11-22,XDWS.MI,39.46500015258789,39.7599983215332,39.459999084472656,39.744998931884766,948
2023-11-23,XDWS.MI,39.66999816894531,39.744998931884766,39.66999816894531,39.69499969482422,181
2023-11-24,XDWS.MI,39.689998626708984,39.77000045776367,39.650001525878906,39.75,2952
2023-11-27,XDWS.MI,39.630001068115234,39.80500030517578,39.630001068115234,39.779998779296875,9583
2023-11-28,XDWS.MI,39.560001373291016,39.630001068115234,39.494998931884766,39.630001068115234,1177
2023-11-29,XDWS.MI,39.689998626708984,39.70500183105469,39.44499969482422,39.44499969482422,388
2023-11-30,XDWS.MI,39.52000045776367,39.665000915527344,39.415000915527344,39.665000915527344,288
2023-12-01,XDWS.MI,39.95000076293945,40.119998931884766,39.915000915527344,40.040000915527344,1076
2023-12-04,XDWS.MI,40.15999984741211,40.439998626708984,40.099998474121094,40.349998474121094,1495
2023-12-05,XDWS.MI,40.375,40.375,40.26499938964844,40.334999084472656,665
2023-12-06,XDWS.MI,40.30500030517578,40.30500030517578,40.060001373291016,40.10499954223633,1524
2023-12-07,XDWS.MI,40.154998779296875,40.209999084472656,40.125,40.20500183105469,4010
2023-12-08,XDWS.MI,40.279998779296875,40.279998779296875,40.23500061035156,40.23500061035156,301
2023-12-11,XDWS.MI,40.220001220703125,40.42499923706055,40.1349983215332,40.42499923706055,1354
2023-12-12,XDWS.MI,40.45500183105469,40.45500183105469,40.31999969482422,40.31999969482422,1254
2023-12-13,XDWS.MI,40.46500015258789,40.48500061035156,40.42499923706055,40.44499969482422,311
2023-12-14,XDWS.MI,40.73500061035156,40.7599983215332,40.13999938964844,40.13999938964844,1910
2023-12-15,XDWS.MI,39.96500015258789,40.15999984741211,39.95000076293945,40.15999984741211,6281
2023-12-18,XDWS.MI,40.119998931884766,40.39500045776367,40.084999084472656,40.39500045776367,793
2023-12-19,XDWS.MI,40.345001220703125,40.380001068115234,40.209999084472656,40.209999084472656,7505
2023-12-20,XDWS.MI,40.400001525878906,40.404998779296875,40.095001220703125,40.095001220703125,3541
2023-12-21,XDWS.MI,40.025001525878906,40.08000183105469,39.869998931884766,39.869998931884766,799
2023-12-22,XDWS.MI,40.0099983215332,40.125,39.875,40.125,7096
2023-12-27,XDWS.MI,40.119998931884766,40.150001525878906,40.0,40.064998626708984,1273
2023-12-28,XDWS.MI,40.25,40.26499938964844,40.11000061035156,40.26499938964844,560
2023-12-29,XDWS.MI,40.375,40.404998779296875,40.314998626708984,40.36000061035156,579
2024-01-02,XDWS.MI,40.67499923706055,40.83000183105469,40.45000076293945,40.83000183105469,2162
2024-01-03,XDWS.MI,41.06999969482422,41.2400016784668,40.974998474121094,41.02000045776367,2558
2024-01-04,XDWS.MI,40.810001373291016,40.88999938964844,40.75,40.88999938964844,959
2024-01-05,XDWS.MI,40.724998474121094,40.81999969482422,40.70000076293945,40.72999954223633,1804
2024-01-08,XDWS.MI,40.73500061035156,40.744998931884766,40.6349983215332,40.744998931884766,1015
2024-01-09,XDWS.MI,40.91999816894531,40.959999084472656,40.814998626708984,40.959999084472656,806
2024-01-10,XDWS.MI,40.959999084472656,41.064998626708984,40.90999984741211,40.90999984741211,967
2024-01-11,XDWS.MI,40.935001373291016,40.935001373291016,40.720001220703125,40.720001220703125,1592
2024-01-12,XDWS.MI,40.900001525878906,41.05500030517578,40.875,40.95000076293945,3361
2024-01-15,XDWS.MI,40.98500061035156,41.01499938964844,40.90999984741211,40.98500061035156,1487
2024-01-16,XDWS.MI,40.939998626708984,41.130001068115234,40.86000061035156,41.08000183105469,711
2024-01-17,XDWS.MI,40.8849983215332,41.005001068115234,40.83000183105469,41.005001068115234,4681
2024-01-18,XDWS.MI,40.69499969482422,40.79999923706055,40.685001373291016,40.720001220703125,977
2024-01-19,XDWS.MI,40.845001220703125,40.915000915527344,40.63999938964844,40.63999938964844,1396
2024-01-22,XDWS.MI,40.71500015258789,40.71500015258789,40.584999084472656,40.584999084472656,1801
2024-01-23,XDWS.MI,40.560001373291016,40.89500045776367,40.48500061035156,40.84000015258789,1140
2024-01-24,XDWS.MI,40.810001373291016,40.85499954223633,40.60499954223633,40.685001373291016,1412
2024-01-25,XDWS.MI,40.470001220703125,40.70500183105469,40.45000076293945,40.66999816894531,1054
2024-01-26,XDWS.MI,41.01499938964844,41.154998779296875,40.98500061035156,41.130001068115234,1999
2024-01-29,XDWS.MI,41.2400016784668,41.45000076293945,41.2400016784668,41.40999984741211,2620
2024-01-30,XDWS.MI,41.48500061035156,41.5099983215332,41.33000183105469,41.41999816894531,12033
2024-01-31,XDWS.MI,41.64500045776367,41.77000045776367,41.564998626708984,41.564998626708984,1887
2024-02-01,XDWS.MI,41.65999984741211,41.65999984741211,41.380001068115234,41.64500045776367,1698
2024-02-02,XDWS.MI,41.93000030517578,42.0099983215332,41.92499923706055,41.93000030517578,5362
2024-02-05,XDWS.MI,42.1150016784668,42.220001220703125,42.060001373291016,42.16999816894531,1072
2024-02-06,XDWS.MI,42.14500045776367,42.154998779296875,41.9900016784668,42.154998779296875,590
2024-02-07,XDWS.MI,42.17499923706055,42.189998626708984,42.07500076293945,42.130001068115234,2596
2024-02-08,XDWS.MI,42.05500030517578,42.1150016784668,41.994998931884766,42.040000915527344,846
2024-02-09,XDWS.MI,41.904998779296875,41.90999984741211,41.494998931884766,41.529998779296875,1814
2024-02-12,XDWS.MI,41.560001373291016,41.70000076293945,41.5099983215332,41.70000076293945,1778
2024-02-13,XDWS.MI,41.79999923706055,41.915000915527344,41.595001220703125,41.595001220703125,1918
2024-02-14,XDWS.MI,41.650001525878906,41.65999984741211,41.48500061035156,41.48500061035156,2157
2024-02-15,XDWS.MI,41.66999816894531,41.66999816894531,41.494998931884766,41.64500045776367,868
2024-02-16,XDWS.MI,41.6349983215332,41.724998474121094,41.58000183105469,41.720001220703125,691
2024-02-19,XDWS.MI,41.73500061035156,41.810001373291016,41.61000061035156,41.810001373291016,418
2024-02-20,XDWS.MI,41.869998931884766,42.130001068115234,41.7400016784668,42.01499938964844,522
2024-02-21,XDWS.MI,42.025001525878906,42.099998474121094,42.01499938964844,42.01499938964844,948
2024-02-22,XDWS.MI,41.810001373291016,41.90999984741211,41.76499938964844,41.834999084472656,31143
2024-02-23,XDWS.MI,42.02000045776367,42.209999084472656,42.02000045776367,42.209999084472656,1464
2024-02-26,XDWS.MI,42.189998626708984,42.189998626708984,41.9900016784668,41.9900016784668,2816
2024-02-27,XDWS.MI,41.959999084472656,41.959999084472656,41.834999084472656,41.875,1971
2024-02-28,XDWS.MI,41.8849983215332,41.900001525878906,41.63999938964844,41.709999084472656,1729
2024-02-29,XDWS.MI,41.7599983215332,41.79999923706055,41.630001068115234,41.77000045776367,2070
2024-03-01,XDWS.MI,41.654998779296875,41.72999954223633,41.505001068115234,41.57500076293945,651
2024-03-04,XDWS.MI,41.4900016784668,41.51499938964844,41.415000915527344,41.505001068115234,2550
2024-03-05,XDWS.MI,41.53499984741211,41.779998779296875,41.53499984741211,41.630001068115234,1278
2024-03-06,XDWS.MI,41.685001373291016,41.779998779296875,41.58000183105469,41.70000076293945,2229
2024-03-07,XDWS.MI,41.75,41.93000030517578,41.75,41.834999084472656,1172
2024-03-08,XDWS.MI,41.845001220703125,41.845001220703125,41.56999969482422,41.72999954223633,9521
2024-03-11,XDWS.MI,41.779998779296875,41.834999084472656,41.63999938964844,41.834999084472656,200
2024-03-12,XDWS.MI,41.91999816894531,42.20500183105469,41.875,42.119998931884766,2303
2024-03-13,XDWS.MI,42.04999923706055,42.20000076293945,42.04999923706055,42.19499969482422,832
2024-03-14,XDWS.MI,42.28499984741211,42.400001525878906,42.02000045776367,42.125,1875
2024-03-15,XDWS.MI,42.150001525878906,42.209999084472656,41.900001525878906,41.900001525878906,1565
2024-03-18,XDWS.MI,42.0,42.1349983215332,41.875,42.1349983215332,239
2024-03-19,XDWS.MI,42.26499938964844,42.26499938964844,42.06999969482422,42.154998779296875,1003
2024-03-20,XDWS.MI,42.21500015258789,42.25,42.150001525878906,42.150001525878906,1216
2024-03-21,XDWS.MI,42.099998474121094,42.31999969482422,42.029998779296875,42.31999969482422,2383
2024-03-22,XDWS.MI,42.41999816894531,42.41999816894531,42.349998474121094,42.349998474121094,1141
2024-03-25,XDWS.MI,42.275001525878906,42.314998626708984,42.10499954223633,42.119998931884766,2177
2024-03-26,XDWS.MI,42.224998474121094,42.29499816894531,42.060001373291016,42.29499816894531,4328
2024-03-27,XDWS.MI,42.31999969482422,42.56999969482422,42.31999969482422,42.505001068115234,2008
2024-03-28,XDWS.MI,42.73500061035156,42.80500030517578,42.65999984741211,42.755001068115234,2829
2024-04-02,XDWS.MI,42.63999938964844,42.720001220703125,42.310001373291016,42.310001373291016,1974
2024-04-03,XDWS.MI,42.34000015258789,42.34000015258789,41.76499938964844,41.76499938964844,2982
2024-04-04,XDWS.MI,41.755001068115234,41.78499984741211,41.6349983215332,41.70500183105469,2579
2024-04-05,XDWS.MI,41.59000015258789,41.59000015258789,41.45000076293945,41.529998779296875,555
2024-04-08,XDWS.MI,41.5,41.51499938964844,41.42499923706055,41.44499969482422,1255
2024-04-09,XDWS.MI,41.400001525878906,41.474998474121094,41.35499954223633,41.400001525878906,640
2024-04-10,XDWS.MI,41.66999816894531,41.66999816894531,41.529998779296875,41.6150016784668,355
2024-04-11,XDWS.MI,41.810001373291016,41.84000015258789,41.625,41.66999816894531,340
2024-04-12,XDWS.MI,41.8650016784668,41.959999084472656,41.70000076293945,41.7400016784668,17024
2024-04-15,XDWS.MI,41.665000915527344,41.75,41.61000061035156,41.75,680
2024-04-16,XDWS.MI,41.415000915527344,41.439998626708984,41.334999084472656,41.41999816894531,1816
2024-04-17,XDWS.MI,41.459999084472656,41.599998474121094,41.349998474121094,41.349998474121094,872
2024-04-18,XDWS.MI,41.53499984741211,41.64500045776367,41.51499938964844,41.64500045776367,223
2024-04-19,XDWS.MI,41.70000076293945,41.880001068115234,41.654998779296875,41.880001068115234,3823
2024-04-22,XDWS.MI,42.224998474121094,42.5,42.224998474121094,42.44499969482422,15667
2024-04-23,XDWS.MI,42.755001068115234,42.755001068115234,42.5,42.505001068115234,933
2024-04-24,XDWS.MI,42.5099983215332,42.56999969482422,42.3849983215332,42.56999969482422,3632
2024-04-25,XDWS.MI,42.65999984741211,42.7599983215332,42.5099983215332,42.525001525878906,1024
2024-04-26,XDWS.MI,42.5,42.790000915527344,42.5,42.720001220703125,3318
2024-04-29,XDWS.MI,42.70000076293945,42.81999969482422,42.595001220703125,42.595001220703125,26620
2024-04-30,XDWS.MI,42.755001068115234,42.755001068115234,42.57500076293945,42.69499969482422,1195
2024-05-02,XDWS.MI,42.43000030517578,42.650001525878906,42.43000030517578,42.650001525878906,2828
2024-05-03,XDWS.MI,42.584999084472656,42.650001525878906,42.505001068115234,42.505001068115234,289
2024-05-06,XDWS.MI,42.665000915527344,42.81999969482422,42.5099983215332,42.5099983215332,451
2024-05-07,XDWS.MI,42.72999954223633,42.994998931884766,42.72999954223633,42.95500183105469,1268
2024-05-08,XDWS.MI,43.17499923706055,43.2599983215332,43.1349983215332,43.220001220703125,4477
2024-05-09,XDWS.MI,43.224998474121094,43.375,43.189998626708984,43.29999923706055,1739
2024-05-10,XDWS.MI,43.5099983215332,43.689998626708984,43.48500061035156,43.599998474121094,4397
2024-05-13,XDWS.MI,43.72999954223633,43.77000045776367,43.650001525878906,43.67499923706055,624
2024-05-14,XDWS.MI,43.58000183105469,43.68000030517578,43.404998779296875,43.404998779296875,1975
2024-05-15,XDWS.MI,43.415000915527344,43.540000915527344,43.415000915527344,43.45500183105469,1402
2024-05-16,XDWS.MI,43.3849983215332,43.89500045776367,43.3849983215332,43.89500045776367,2370
2024-05-17,XDWS.MI,43.95000076293945,43.95000076293945,43.77000045776367,43.775001525878906,4100
2024-05-20,XDWS.MI,43.85499954223633,43.89500045776367,43.73500061035156,43.779998779296875,8163
2024-05-21,XDWS.MI,43.654998779296875,43.69499969482422,43.4900016784668,43.6150016784668,2559
2024-05-22,XDWS.MI,43.63999938964844,43.720001220703125,43.56999969482422,43.66999816894531,6346
2024-05-23,XDWS.MI,43.685001373291016,43.724998474121094,43.494998931884766,43.525001525878906,1869
2024-05-24,XDWS.MI,43.29999923706055,43.345001220703125,43.16999816894531,43.314998626708984,243
2024-05-27,XDWS.MI,43.22999954223633,43.2599983215332,43.150001525878906,43.224998474121094,947
2024-05-28,XDWS.MI,43.1150016784668,43.1349983215332,42.724998474121094,42.724998474121094,3225
2024-05-29,XDWS.MI,42.67499923706055,42.744998931884766,42.55500030517578,42.650001525878906,962
2024-05-30,XDWS.MI,42.63999938964844,42.775001525878906,42.58000183105469,42.775001525878906,310
2024-05-31,XDWS.MI,42.70000076293945,42.869998931884766,42.65999984741211,42.869998931884766,762
2024-06-03,XDWS.MI,43.27000045776367,43.35499954223633,43.20000076293945,43.20000076293945,3398
2024-06-04,XDWS.MI,43.21500015258789,43.494998931884766,43.21500015258789,43.494998931884766,386
2024-06-05,XDWS.MI,43.665000915527344,43.72999954223633,43.41999816894531,43.57500076293945,369
2024-06-06,XDWS.MI,43.61000061035156,43.82500076293945,43.61000061035156,43.82500076293945,2671
2024-06-07,XDWS.MI,43.814998626708984,43.96500015258789,43.67499923706055,43.95500183105469,25916
2024-06-10,XDWS.MI,43.8849983215332,43.970001220703125,43.654998779296875,43.67499923706055,864
2024-06-11,XDWS.MI,43.76499938964844,43.76499938964844,43.51499938964844,43.68000030517578,5859
2024-06-12,XDWS.MI,43.75,43.75,43.27000045776367,43.29499816894531,8166
2024-06-13,XDWS.MI,43.279998779296875,43.334999084472656,43.119998931884766,43.334999084472656,7680
2024-06-14,XDWS.MI,43.5,43.59000015258789,43.474998474121094,43.529998779296875,2236
2024-06-17,XDWS.MI,43.65999984741211,43.70500183105469,43.400001525878906,43.65999984741211,2999
2024-06-18,XDWS.MI,43.755001068115234,43.80500030517578,43.68000030517578,43.724998474121094,1301
2024-06-19,XDWS.MI,43.654998779296875,43.755001068115234,43.625,43.64500045776367,3424
2024-06-20,XDWS.MI,43.724998474121094,43.76499938964844,43.685001373291016,43.755001068115234,985
2024-06-21,XDWS.MI,43.654998779296875,44.0,43.654998779296875,43.79999923706055,2780
2024-06-24,XDWS.MI,43.849998474121094,44.060001373291016,43.75,44.060001373291016,1393
2024-06-25,XDWS.MI,44.16999816894531,44.16999816894531,43.900001525878906,43.900001525878906,1783
2024-06-26,XDWS.MI,43.8849983215332,43.994998931884766,43.66999816894531,43.88999938964844,600
2024-06-27,XDWS.MI,43.8849983215332,43.8849983215332,43.51499938964844,43.51499938964844,427
2024-06-28,XDWS.MI,43.540000915527344,43.54499816894531,43.23500061035156,43.23500061035156,506
2024-07-01,XDWS.MI,43.16999816894531,43.29999923706055,43.099998474121094,43.1349983215332,622
2024-07-02,XDWS.MI,42.84000015258789,42.9900016784668,42.79499816894531,42.9900016784668,2718
2024-07-03,XDWS.MI,43.150001525878906,43.150001525878906,42.939998626708984,42.939998626708984,839
2024-07-04,XDWS.MI,43.09000015258789,43.15999984741211,43.025001525878906,43.04499816894531,21468
2024-07-05,XDWS.MI,43.03499984741211,43.04499816894531,42.900001525878906,43.04499816894531,1429
2024-07-08,XDWS.MI,43.275001525878906,43.34000015258789,43.13999938964844,43.13999938964844,2778
2024-07-09,XDWS.MI,43.189998626708984,43.279998779296875,43.16999816894531,43.16999816894531,1292
2024-07-10,XDWS.MI,43.13999938964844,43.2599983215332,43.095001220703125,43.23500061035156,5345
2024-07-11,XDWS.MI,43.4900016784668,43.52000045776367,43.15999984741211,43.21500015258789,3897
2024-07-12,XDWS.MI,43.26499938964844,43.459999084472656,43.23500061035156,43.459999084472656,916
2024-07-15,XDWS.MI,43.435001373291016,43.435001373291016,43.119998931884766,43.119998931884766,2232
2024-07-16,XDWS.MI,42.959999084472656,43.20000076293945,42.959999084472656,43.10499954223633,855
2024-07-17,XDWS.MI,43.10499954223633,43.625,43.06999969482422,43.529998779296875,4386
2024-07-18,XDWS.MI,43.7400016784668,44.02000045776367,43.7400016784668,44.0,3595
2024-07-19,XDWS.MI,43.755001068115234,43.83000183105469,43.650001525878906,43.70000076293945,9399
2024-07-22,XDWS.MI,43.75,43.875,43.709999084472656,43.709999084472656,3102
2024-07-23,XDWS.MI,43.755001068115234,43.93000030517578,43.744998931884766,43.790000915527344,2075
2024-07-24,XDWS.MI,43.66999816894531,43.724998474121094,43.52000045776367,43.54999923706055,4131
2024-07-25,XDWS.MI,43.73500061035156,43.89500045776367,43.53499984741211,43.78499984741211,12821
2024-07-26,XDWS.MI,43.654998779296875,43.90999984741211,43.630001068115234,43.900001525878906,7545
2024-07-29,XDWS.MI,43.970001220703125,44.06999969482422,43.875,43.875,1039
2024-07-30,XDWS.MI,43.935001373291016,43.935001373291016,43.60499954223633,43.75,4666
2024-07-31,XDWS.MI,43.96500015258789,44.084999084472656,43.724998474121094,43.92499923706055,1165
2024-08-01,XDWS.MI,43.9900016784668,43.9900016784668,43.88999938964844,43.95500183105469,1678
2024-08-02,XDWS.MI,44.18000030517578,44.29999923706055,43.48500061035156,43.48500061035156,3299
2024-08-05,XDWS.MI,44.255001068115234,44.255001068115234,42.994998931884766,43.05500030517578,8172
2024-08-06,XDWS.MI,43.27000045776367,43.69499969482422,43.185001373291016,43.494998931884766,7093
2024-08-07,XDWS.MI,43.39500045776367,43.915000915527344,43.39500045776367,43.849998474121094,4809
2024-08-08,XDWS.MI,43.36000061035156,43.935001373291016,43.290000915527344,43.834999084472656,2220
2024-08-09,XDWS.MI,43.689998626708984,43.875,43.59000015258789,43.724998474121094,1534
2024-08-12,XDWS.MI,43.78499984741211,43.845001220703125,43.540000915527344,43.540000915527344,739
2024-08-13,XDWS.MI,43.51499938964844,43.64500045776367,43.3849983215332,43.540000915527344,2519
2024-08-14,XDWS.MI,43.6150016784668,43.64500045776367,43.42499923706055,43.64500045776367,477
2024-08-16,XDWS.MI,44.119998931884766,44.20500183105469,44.02000045776367,44.150001525878906,1221
2024-08-19,XDWS.MI,44.20500183105469,44.290000915527344,44.17499923706055,44.26499938964844,426
2024-08-20,XDWS.MI,44.1349983215332,44.16999816894531,43.994998931884766,44.08000183105469,518
2024-08-21,XDWS.MI,44.22999954223633,44.64500045776367,44.165000915527344,44.334999084472656,2037
2024-08-22,XDWS.MI,44.51499938964844,44.654998779296875,44.42499923706055,44.44499969482422,767
2024-08-23,XDWS.MI,44.46500015258789,44.57500076293945,44.310001373291016,44.314998626708984,1080
2024-08-26,XDWS.MI,44.435001373291016,44.70000076293945,44.3849983215332,44.64500045776367,1469
2024-08-27,XDWS.MI,44.75,44.97999954223633,44.7400016784668,44.86000061035156,45788
2024-08-28,XDWS.MI,44.994998931884766,45.130001068115234,44.92499923706055,45.02000045776367,3448
2024-08-29,XDWS.MI,44.970001220703125,45.26499938964844,44.970001220703125,45.02000045776367,2509
2024-08-30,XDWS.MI,45.0,45.185001373291016,45.0,45.08000183105469,3869
2024-09-02,XDWS.MI,45.23500061035156,45.26499938964844,45.125,45.25,41879
2024-09-03,XDWS.MI,45.35499954223633,45.564998626708984,45.2599983215332,45.564998626708984,12124
2024-09-04,XDWS.MI,45.54999923706055,45.57500076293945,45.45000076293945,45.560001373291016,12913
2024-09-05,XDWS.MI,45.625,45.650001525878906,45.345001220703125,45.345001220703125,4143
2024-09-06,XDWS.MI,45.369998931884766,45.54999923706055,45.220001220703125,45.220001220703125,4472
2024-09-09,XDWS.MI,45.4900016784668,45.845001220703125,45.415000915527344,45.845001220703125,4913
2024-09-10,XDWS.MI,45.89500045776367,45.95000076293945,45.79499816894531,45.900001525878906,1970
2024-09-11,XDWS.MI,45.76499938964844,45.869998931884766,45.29999923706055,45.345001220703125,2202
2024-09-12,XDWS.MI,45.73500061035156,45.73500061035156,45.470001220703125,45.470001220703125,4075
2024-09-13,XDWS.MI,45.57500076293945,45.69499969482422,45.5,45.654998779296875,2823
2024-09-16,XDWS.MI,45.6150016784668,45.81999969482422,45.595001220703125,45.595001220703125,4701
2024-09-17,XDWS.MI,45.720001220703125,45.779998779296875,45.625,45.625,3341
2024-09-18,XDWS.MI,45.435001373291016,45.4900016784668,45.209999084472656,45.23500061035156,3738
2024-09-19,XDWS.MI,45.25,45.279998779296875,44.915000915527344,44.915000915527344,5172
2024-09-20,XDWS.MI,44.810001373291016,44.88999938964844,44.709999084472656,44.71500015258789,8636
2024-09-23,XDWS.MI,44.85499954223633,45.27000045776367,44.85499954223633,45.27000045776367,1576
2024-09-24,XDWS.MI,45.32500076293945,45.32500076293945,45.150001525878906,45.150001525878906,3193
2024-09-25,XDWS.MI,44.970001220703125,45.08000183105469,44.90999984741211,45.06999969482422,10532
2024-09-26,XDWS.MI,45.33000183105469,45.33000183105469,45.15999984741211,45.185001373291016,3408
2024-09-27,XDWS.MI,45.4900016784668,45.494998931884766,45.2400016784668,45.494998931884766,3213
2024-09-30,XDWS.MI,45.369998931884766,45.369998931884766,45.15999984741211,45.255001068115234,2934
2024-10-01,XDWS.MI,45.380001068115234,45.560001373291016,45.349998474121094,45.560001373291016,16571
2024-10-02,XDWS.MI,45.415000915527344,45.415000915527344,45.165000915527344,45.20500183105469,2198
2024-10-03,XDWS.MI,45.154998779296875,45.154998779296875,44.81999969482422,44.8849983215332,5093
2024-10-04,XDWS.MI,44.85499954223633,45.07500076293945,44.834999084472656,45.04499816894531,3477
2024-10-07,XDWS.MI,45.005001068115234,45.084999084472656,44.82500076293945,44.82500076293945,1536
2024-10-08,XDWS.MI,44.6349983215332,44.845001220703125,44.58000183105469,44.845001220703125,1914
2024-10-09,XDWS.MI,44.95500183105469,45.19499969482422,44.91999816894531,45.19499969482422,1904
2024-10-10,XDWS.MI,45.29999923706055,45.29999923706055,45.18000030517578,45.220001220703125,1730
2024-10-11,XDWS.MI,45.04499816894531,45.220001220703125,45.04499816894531,45.18000030517578,1139
2024-10-14,XDWS.MI,45.29999923706055,45.369998931884766,45.2400016784668,45.36000061035156,2403
2024-10-15,XDWS.MI,45.53499984741211,45.95000076293945,45.48500061035156,45.76499938964844,6740
2024-10-16,XDWS.MI,45.54499816894531,45.63999938964844,45.525001525878906,45.540000915527344,1544
2024-10-17,XDWS.MI,45.724998474121094,45.9900016784668,45.70000076293945,45.82500076293945,2155
2024-10-18,XDWS.MI,45.755001068115234,45.755001068115234,45.57500076293945,45.75,753
2024-10-21,XDWS.MI,45.720001220703125,45.845001220703125,45.5099983215332,45.5099983215332,1964
2024-10-22,XDWS.MI,45.540000915527344,45.650001525878906,45.380001068115234,45.64500045776367,1775
2024-10-23,XDWS.MI,45.76499938964844,45.90999984741211,45.630001068115234,45.665000915527344,2376
2024-10-24,XDWS.MI,45.8849983215332,45.92499923706055,45.63999938964844,45.63999938964844,1800
2024-10-25,XDWS.MI,45.64500045776367,45.64500045776367,45.45500183105469,45.45500183105469,1306
2024-10-28,XDWS.MI,45.44499969482422,45.529998779296875,45.38999938964844,45.43000030517578,2540
2024-10-29,XDWS.MI,45.47999954223633,45.505001068115234,45.189998626708984,45.189998626708984,1120
2024-10-30,XDWS.MI,44.900001525878906,44.900001525878906,44.67499923706055,44.724998474121094,3533
2024-10-31,XDWS.MI,44.459999084472656,44.53499984741211,44.244998931884766,44.459999084472656,1935
2024-11-01,XDWS.MI,44.334999084472656,44.650001525878906,44.334999084472656,44.619998931884766,796
2024-11-04,XDWS.MI,44.47999954223633,44.47999954223633,44.334999084472656,44.345001220703125,378
2024-11-05,XDWS.MI,44.505001068115234,44.51499938964844,44.2599983215332,44.45000076293945,3647
2024-11-06,XDWS.MI,45.15999984741211,45.71500015258789,44.375,44.4900016784668,14795
2024-11-07,XDWS.MI,44.46500015258789,44.564998626708984,44.415000915527344,44.560001373291016,5790
2024-11-08,XDWS.MI,44.540000915527344,44.9900016784668,44.42499923706055,44.9900016784668,2947
2024-11-11,XDWS.MI,45.185001373291016,45.369998931884766,45.14500045776367,45.22999954223633,694
2024-11-12,XDWS.MI,44.8650016784668,45.15999984741211,44.8650016784668,45.11000061035156,2010
2024-11-13,XDWS.MI,45.09000015258789,45.22999954223633,44.974998474121094,45.22999954223633,3098
2024-11-14,XDWS.MI,45.3849983215332,45.525001525878906,45.3849983215332,45.43000030517578,1462
2024-11-15,XDWS.MI,45.28499984741211,45.28499984741211,45.10499954223633,45.1150016784668,1762
2024-11-18,XDWS.MI,45.04999923706055,45.2599983215332,44.959999084472656,45.2400016784668,2890
2024-11-19,XDWS.MI,45.27000045776367,45.404998779296875,45.08000183105469,45.28499984741211,5402
2024-11-20,XDWS.MI,45.2599983215332,45.404998779296875,45.03499984741211,45.224998474121094,11558
2024-11-21,XDWS.MI,45.26499938964844,45.86000061035156,45.26499938964844,45.86000061035156,3254
2024-11-22,XDWS.MI,45.86000061035156,46.654998779296875,45.86000061035156,46.654998779296875,1086
2024-11-25,XDWS.MI,46.6349983215332,46.67499923706055,46.34000015258789,46.39500045776367,3964
2024-11-26,XDWS.MI,46.46500015258789,46.61000061035156,46.29999923706055,46.55500030517578,2863
2024-11-27,XDWS.MI,46.6150016784668,46.77000045776367,46.494998931884766,46.69499969482422,2465
2024-11-28,XDWS.MI,46.744998931884766,46.78499984741211,46.6349983215332,46.665000915527344,6325
2024-11-29,XDWS.MI,46.625,46.70000076293945,46.54499816894531,46.70000076293945,8761
2024-12-02,XDWS.MI,47.025001525878906,47.04999923706055,46.85499954223633,47.04499816894531,1938
2024-12-03,XDWS.MI,47.099998474121094,47.099998474121094,46.775001525878906,46.81999969482422,11347
2024-12-04,XDWS.MI,46.814998626708984,46.875,46.54999923706055,46.619998931884766,2553
2024-12-05,XDWS.MI,46.66999816894531,46.7400016784668,46.540000915527344,46.65999984741211,2928
2024-12-06,XDWS.MI,46.650001525878906,46.88999938964844,46.56999969482422,46.72999954223633,2606
2024-12-09,XDWS.MI,46.665000915527344,46.665000915527344,46.31999969482422,46.44499969482422,1718
2024-12-10,XDWS.MI,46.43000030517578,46.70000076293945,46.380001068115234,46.70000076293945,1567
2024-12-11,XDWS.MI,46.79499816894531,46.974998474121094,46.72999954223633,46.974998474121094,613
2024-12-12,XDWS.MI,46.60499954223633,46.84000015258789,46.54999923706055,46.834999084472656,3411
2024-12-13,XDWS.MI,46.82500076293945,46.875,46.5,46.775001525878906,20433
2024-12-16,XDWS.MI,46.474998474121094,46.654998779296875,46.439998626708984,46.654998779296875,2071
2024-12-17,XDWS.MI,46.28499984741211,46.47999954223633,46.26499938964844,46.3650016784668,4468
2024-12-18,XDWS.MI,46.32500076293945,46.32500076293945,46.040000915527344,46.2400016784668,1358
2024-12-19,XDWS.MI,46.18000030517578,46.18000030517578,45.85499954223633,46.029998779296875,1735
2024-12-20,XDWS.MI,45.619998931884766,45.85499954223633,45.51499938964844,45.85499954223633,24518
2024-12-23,XDWS.MI,45.70500183105469,45.7400016784668,45.244998931884766,45.290000915527344,1855
2024-12-27,XDWS.MI,45.29499816894531,45.790000915527344,45.23500061035156,45.65999984741211,2806
2024-12-30,XDWS.MI,45.73500061035156,45.73500061035156,45.20000076293945,45.369998931884766,2550
2025-01-02,XDWS.MI,45.775001525878906,46.064998626708984,45.53499984741211,46.029998779296875,3593
2025-01-03,XDWS.MI,45.810001373291016,45.81999969482422,45.56999969482422,45.7599983215332,3196
2025-01-06,XDWS.MI,45.47999954223633,45.47999954223633,45.125,45.244998931884766,1416
2025-01-07,XDWS.MI,44.880001068115234,45.224998474121094,44.834999084472656,45.06999969482422,4053
2025-01-08,XDWS.MI,45.185001373291016,45.2400016784668,45.119998931884766,45.19499969482422,2502
2025-01-09,XDWS.MI,45.26499938964844,45.459999084472656,45.26499938964844,45.40999984741211,2082
2025-01-10,XDWS.MI,45.45000076293945,45.45000076293945,44.974998474121094,44.974998474121094,2479
2025-01-13,XDWS.MI,44.95500183105469,45.03499984741211,44.83000183105469,44.93000030517578,14102
2025-01-14,XDWS.MI,44.900001525878906,44.90999984741211,44.54499816894531,44.564998626708984,1006
2025-01-15,XDWS.MI,44.6349983215332,44.744998931884766,44.54499816894531,44.66999816894531,1317
2025-01-16,XDWS.MI,44.709999084472656,44.79999923706055,44.5,44.685001373291016,16640
2025-01-17,XDWS.MI,45.029998779296875,45.29499816894531,44.915000915527344,45.2400016784668,2447
2025-01-20,XDWS.MI,45.23500061035156,45.255001068115234,44.9900016784668,45.04999923706055,5309
2025-01-21,XDWS.MI,45.154998779296875,45.26499938964844,45.025001525878906,45.185001373291016,4808
2025-01-22,XDWS.MI,45.1150016784668,45.209999084472656,44.91999816894531,45.04999923706055,10289
2025-01-23,XDWS.MI,45.025001525878906,45.040000915527344,44.8650016784668,45.0099983215332,3238
2025-01-24,XDWS.MI,44.98500061035156,45.04499816894531,44.849998474121094,44.98500061035156,8546
2025-01-27,XDWS.MI,45.244998931884766,45.83000183105469,45.22999954223633,45.83000183105469,8930
2025-01-28,XDWS.MI,46.310001373291016,46.5,46.244998931884766,46.25,5620
2025-01-29,XDWS.MI,45.93000030517578,46.19499969482422,45.875,46.17499923706055,4308
2025-01-30,XDWS.MI,46.13999938964844,46.439998626708984,46.13999938964844,46.439998626708984,2318
2025-01-31,XDWS.MI,46.5099983215332,46.66999816894531,46.41999816894531,46.43000030517578,7047
2025-02-03,XDWS.MI,46.51499938964844,46.7599983215332,46.3650016784668,46.7599983215332,4894
2025-02-04,XDWS.MI,46.685001373291016,46.685001373291016,46.345001220703125,46.345001220703125,5430
2025-02-05,XDWS.MI,46.290000915527344,46.345001220703125,46.119998931884766,46.345001220703125,8010
2025-02-06,XDWS.MI,46.80500030517578,47.18000030517578,46.755001068115234,46.915000915527344,18767
2025-02-07,XDWS.MI,46.974998474121094,47.084999084472656,46.900001525878906,47.0,5544
2025-02-10,XDWS.MI,47.185001373291016,47.275001525878906,47.07500076293945,47.19499969482422,4188
2025-02-11,XDWS.MI,47.400001525878906,47.5,47.26499938964844,47.29499816894531,4540
2025-02-12,XDWS.MI,47.59000015258789,47.59000015258789,47.38999938964844,47.435001373291016,1915
2025-02-13,XDWS.MI,47.435001373291016,47.685001373291016,47.345001220703125,47.599998474121094,7280
2025-02-14,XDWS.MI,47.685001373291016,47.685001373291016,47.20500183105469,47.279998779296875,12876
2025-02-17,XDWS.MI,47.185001373291016,47.369998931884766,47.185001373291016,47.369998931884766,5655
2025-02-18,XDWS.MI,47.314998626708984,47.314998626708984,46.849998474121094,47.1150016784668,30065
2025-02-19,XDWS.MI,47.275001525878906,47.54499816894531,47.25,47.54499816894531,4927
2025-02-20,XDWS.MI,47.59000015258789,47.59000015258789,46.915000915527344,47.1349983215332,11965
2025-02-21,XDWS.MI,47.14500045776367,47.459999084472656,47.14500045776367,47.459999084472656,1268
2025-02-24,XDWS.MI,47.75,47.880001068115234,47.54999923706055,47.849998474121094,7095
2025-02-25,XDWS.MI,47.900001525878906,48.380001068115234,47.80500030517578,48.380001068115234,12401
2025-02-26,XDWS.MI,48.52000045776367,48.52000045776367,47.9900016784668,47.9900016784668,15303
2025-02-27,XDWS.MI,47.880001068115234,48.22999954223633,47.779998779296875,48.189998626708984,1615
2025-02-28,XDWS.MI,48.16999816894531,48.47999954223633,48.1150016784668,48.20000076293945,6844
2025-03-03,XDWS.MI,48.60499954223633,48.689998626708984,48.25,48.54499816894531,5881
2025-03-04,XDWS.MI,48.474998474121094,48.724998474121094,48.349998474121094,48.39500045776367,6933
2025-03-05,XDWS.MI,47.39500045776367,47.494998931884766,46.900001525878906,46.959999084472656,5399
2025-03-06,XDWS.MI,46.95000076293945,46.95000076293945,46.61000061035156,46.869998931884766,7013
2025-03-07,XDWS.MI,46.95500183105469,46.95500183105469,46.599998474121094,46.84000015258789,1931
2025-03-10,XDWS.MI,46.66999816894531,47.290000915527344,46.595001220703125,47.01499938964844,3930
2025-03-11,XDWS.MI,46.540000915527344,46.540000915527344,45.72999954223633,45.775001525878906,7055
2025-03-12,XDWS.MI,45.880001068115234,45.97999954223633,45.15999984741211,45.27000045776367,4044
2025-03-13,XDWS.MI,45.224998474121094,45.40999984741211,45.08000183105469,45.08000183105469,6257
2025-03-14,XDWS.MI,45.2400016784668,45.2400016784668,44.904998779296875,45.029998779296875,1930
2025-03-17,XDWS.MI,45.08000183105469,45.470001220703125,44.959999084472656,45.46500015258789,22823
2025-03-18,XDWS.MI,45.46500015258789,45.52000045776367,45.18000030517578,45.220001220703125,14779
2025-03-19,XDWS.MI,45.15999984741211,45.22999954223633,45.04999923706055,45.15999984741211,2321
2025-03-20,XDWS.MI,45.435001373291016,45.564998626708984,45.314998626708984,45.349998474121094,2129
2025-03-21,XDWS.MI,45.369998931884766,45.41999816894531,45.220001220703125,45.36000061035156,1889
2025-03-24,XDWS.MI,45.529998779296875,45.529998779296875,45.290000915527344,45.474998474121094,4029
2025-03-25,XDWS.MI,45.61000061035156,45.689998626708984,45.17499923706055,45.18000030517578,3227
2025-03-26,XDWS.MI,45.23500061035156,45.56999969482422,45.14500045776367,45.474998474121094,6410
2025-03-27,XDWS.MI,45.875,46.0099983215332,45.654998779296875,45.939998626708984,5184
2025-03-28,XDWS.MI,46.0,46.189998626708984,45.88999938964844,45.88999938964844,680
2025-03-31,XDWS.MI,45.76499938964844,46.380001068115234,45.709999084472656,46.220001220703125,3934
2025-04-01,XDWS.MI,46.47999954223633,46.59000015258789,46.32500076293945,46.54999923706055,3835
2025-04-02,XDWS.MI,46.560001373291016,46.58000183105469,46.334999084472656,46.3650016784668,2674
2025-04-03,XDWS.MI,45.46500015258789,46.19499969482422,44.939998626708984,46.19499969482422,2513
2025-04-04,XDWS.MI,46.125,46.34000015258789,45.220001220703125,45.220001220703125,16198
2025-04-07,XDWS.MI,43.064998626708984,44.165000915527344,42.67499923706055,43.380001068115234,20274
2025-04-08,XDWS.MI,44.16999816894531,44.77000045776367,44.0099983215332,44.595001220703125,10243
2025-04-09,XDWS.MI,43.54999923706055,43.54999923706055,42.51499938964844,43.084999084472656,10708
2025-04-10,XDWS.MI,44.98500061035156,44.98500061035156,44.040000915527344,44.11000061035156,5680
2025-04-11,XDWS.MI,43.900001525878906,44.07500076293945,43.29999923706055,43.82500076293945,4649
2025-04-14,XDWS.MI,44.20500183105469,44.875,44.20500183105469,44.814998626708984,14215
2025-04-15,XDWS.MI,45.05500030517578,45.2599983215332,44.95500183105469,45.11000061035156,22425
2025-04-16,XDWS.MI,44.939998626708984,45.040000915527344,44.70500183105469,44.92499923706055,2085
2025-04-17,XDWS.MI,44.7599983215332,45.189998626708984,44.58000183105469,45.119998931884766,1849
2025-04-22,XDWS.MI,44.86000061035156,45.36000061035156,44.81999969482422,45.36000061035156,10093
2025-04-23,XDWS.MI,45.75,45.8849983215332,45.44499969482422,45.44499969482422,3251
2025-04-24,XDWS.MI,45.45500183105469,45.48500061035156,45.084999084472656,45.20500183105469,1809
2025-04-25,XDWS.MI,45.14500045776367,45.29999923706055,44.70500183105469,44.755001068115234,819
2025-04-28,XDWS.MI,45.095001220703125,45.150001525878906,44.96500015258789,45.025001525878906,1643
2025-04-29,XDWS.MI,45.029998779296875,45.16999816894531,44.86000061035156,45.09000015258789,4076
2025-04-30,XDWS.MI,45.33000183105469,45.540000915527344,45.154998779296875,45.540000915527344,750
2025-05-02,XDWS.MI,45.775001525878906,45.845001220703125,45.55500030517578,45.69499969482422,2579
2025-05-05,XDWS.MI,45.76499938964844,45.849998474121094,45.560001373291016,45.80500030517578,2249
2025-05-06,XDWS.MI,45.880001068115234,45.90999984741211,45.744998931884766,45.814998626708984,2267
2025-05-07,XDWS.MI,45.83000183105469,45.880001068115234,45.72999954223633,45.849998474121094,1115
2025-05-08,XDWS.MI,46.20000076293945,46.20000076293945,45.73500061035156,45.880001068115234,2680
2025-05-09,XDWS.MI,46.0099983215332,46.0099983215332,45.654998779296875,45.79999923706055,9116
2025-05-12,XDWS.MI,46.470001220703125,46.470001220703125,45.845001220703125,45.904998779296875,9184
2025-05-13,XDWS.MI,46.02000045776367,46.02000045776367,45.380001068115234,45.380001068115234,3752
2025-05-14,XDWS.MI,45.20500183105469,45.20500183105469,44.880001068115234,44.9900016784668,11739
2025-05-15,XDWS.MI,44.974998474121094,45.709999084472656,44.974998474121094,45.709999084472656,7672
2025-05-16,XDWS.MI,45.95000076293945,46.255001068115234,45.849998474121094,46.255001068115234,2185
2025-05-19,XDWS.MI,46.154998779296875,46.20000076293945,45.869998931884766,46.20000076293945,1604
2025-05-20,XDWS.MI,46.31999969482422,46.505001068115234,46.165000915527344,46.47999954223633,2317
2025-05-21,XDWS.MI,46.220001220703125,46.220001220703125,46.04999923706055,46.15999984741211,2742
2025-05-22,XDWS.MI,45.93000030517578,46.290000915527344,45.85499954223633,45.85499954223633,3065
2025-05-23,XDWS.MI,45.900001525878906,45.91999816894531,45.625,45.79499816894531,6672
2025-05-26,XDWS.MI,46.04999923706055,46.1150016784668,45.959999084472656,46.02000045776367,599
2025-05-27,XDWS.MI,46.0099983215332,46.18000030517578,45.974998474121094,46.17499923706055,6523
2025-05-28,XDWS.MI,46.375,46.375,46.165000915527344,46.20500183105469,17421
2025-05-29,XDWS.MI,46.279998779296875,46.35499954223633,45.79499816894531,45.79499816894531,19124
2025-05-30,XDWS.MI,46.125,46.52000045776367,46.119998931884766,46.38999938964844,1583
2025-06-02,XDWS.MI,46.22999954223633,46.29499816894531,45.92499923706055,46.03499984741211,1520
2025-06-03,XDWS.MI,46.310001373291016,46.4900016784668,46.084999084472656,46.17499923706055,1725
2025-06-04,XDWS.MI,46.34000015258789,46.3849983215332,46.17499923706055,46.255001068115234,828
2025-06-05,XDWS.MI,46.095001220703125,46.185001373291016,45.560001373291016,45.720001220703125,2267
2025-06-06,XDWS.MI,45.755001068115234,45.95500183105469,45.709999084472656,45.834999084472656,2933
2025-06-09,XDWS.MI,45.76499938964844,45.81999969482422,45.58000183105469,45.71500015258789,2907
2025-06-10,XDWS.MI,45.68000030517578,45.69499969482422,45.57500076293945,45.69499969482422,4820
2025-06-11,XDWS.MI,45.69499969482422,45.78499984741211,45.345001220703125,45.345001220703125,5943
2025-06-12,XDWS.MI,45.290000915527344,45.290000915527344,44.90999984741211,45.08000183105469,2963
2025-06-13,XDWS.MI,45.095001220703125,45.44499969482422,45.08000183105469,45.08000183105469,2768
2025-06-16,XDWS.MI,44.915000915527344,45.04999923706055,44.779998779296875,44.82500076293945,2586
2025-06-17,XDWS.MI,44.665000915527344,44.7599983215332,44.48500061035156,44.7599983215332,517
2025-06-18,XDWS.MI,44.63999938964844,44.78499984741211,44.63999938964844,44.709999084472656,5755
2025-06-19,XDWS.MI,44.83000183105469,44.83000183105469,44.599998474121094,44.599998474121094,1719
2025-06-20,XDWS.MI,44.52000045776367,44.7400016784668,44.474998474121094,44.60499954223633,1675
2025-06-23,XDWS.MI,44.70000076293945,44.86000061035156,44.69499969482422,44.69499969482422,1884
2025-06-24,XDWS.MI,45.01499938964844,45.01499938964844,44.64500045776367,44.70500183105469,3928
2025-06-25,XDWS.MI,44.81999969482422,44.81999969482422,44.224998474121094,44.224998474121094,14974
2025-06-26,XDWS.MI,44.0099983215332,44.0099983215332,43.724998474121094,43.7599983215332,4127
2025-06-27,XDWS.MI,43.869998931884766,43.95000076293945,43.73500061035156,43.95000076293945,3068
2025-06-30,XDWS.MI,44.040000915527344,44.040000915527344,43.900001525878906,43.90999984741211,2899
2025-07-01,XDWS.MI,44.125,44.45500183105469,43.845001220703125,44.439998626708984,9511
2025-07-02,XDWS.MI,44.439998626708984,44.439998626708984,44.154998779296875,44.16999816894531,1135
2025-07-03,XDWS.MI,44.275001525878906,44.58000183105469,44.275001525878906,44.36000061035156,915
2025-07-04,XDWS.MI,44.345001220703125,44.375,44.275001525878906,44.35499954223633,2133
2025-07-07,XDWS.MI,44.439998626708984,44.55500030517578,44.28499984741211,44.39500045776367,5798
2025-07-08,XDWS.MI,44.334999084472656,44.400001525878906,44.25,44.279998779296875,10639
2025-07-09,XDWS.MI,44.14500045776367,44.33000183105469,43.8849983215332,43.92499923706055,1002
2025-07-10,XDWS.MI,43.9900016784668,44.28499984741211,43.9900016784668,44.255001068115234,10608
2025-07-11,XDWS.MI,44.21500015258789,44.21500015258789,43.845001220703125,43.845001220703125,6805
2025-07-14,XDWS.MI,43.88999938964844,44.0099983215332,43.845001220703125,44.0099983215332,2126
2025-07-15,XDWS.MI,43.98500061035156,44.05500030517578,43.88999938964844,43.91999816894531,4523
2025-07-16,XDWS.MI,43.875,44.10499954223633,43.59000015258789,43.65999984741211,1562
2025-07-17,XDWS.MI,43.959999084472656,44.16999816894531,43.959999084472656,44.165000915527344,5911
2025-07-18,XDWS.MI,44.29499816894531,44.29499816894531,44.119998931884766,44.189998626708984,1010
2025-07-21,XDWS.MI,44.19499969482422,44.21500015258789,44.040000915527344,44.05500030517578,2149
2025-07-22,XDWS.MI,44.04999923706055,44.20000076293945,43.85499954223633,43.900001525878906,696
2025-07-23,XDWS.MI,44.185001373291016,44.209999084472656,44.064998626708984,44.09000015258789,2719
2025-07-24,XDWS.MI,43.994998931884766,44.03499984741211,43.86000061035156,43.91999816894531,1107
2025-07-25,XDWS.MI,43.869998931884766,43.904998779296875,43.71500015258789,43.77000045776367,4661
2025-07-28,XDWS.MI,44.03499984741211,44.03499984741211,43.775001525878906,43.89500045776367,8153
2025-07-29,XDWS.MI,44.0,44.26499938964844,43.82500076293945,44.255001068115234,1338
2025-07-30,XDWS.MI,44.275001525878906,44.560001373291016,44.11000061035156,44.36000061035156,2515
2025-07-31,XDWS.MI,44.20000076293945,44.275001525878906,44.1150016784668,44.125,17158
2025-08-01,XDWS.MI,44.07500076293945,44.09000015258789,43.77000045776367,43.89500045776367,77789
2025-08-04,XDWS.MI,43.91999816894531,43.994998931884766,43.79499816894531,43.959999084472656,1112
2025-08-05,XDWS.MI,44.11000061035156,44.11000061035156,44.01499938964844,44.029998779296875,1022
2025-08-06,XDWS.MI,43.994998931884766,44.220001220703125,43.81999969482422,44.220001220703125,1472
2025-08-07,XDWS.MI,44.21500015258789,44.529998779296875,44.20000076293945,44.375,2596
2025-08-08,XDWS.MI,44.71500015258789,44.82500076293945,44.63999938964844,44.65999984741211,3355
2025-08-11,XDWS.MI,44.83000183105469,44.904998779296875,44.720001220703125,44.775001525878906,4892
2025-08-12,XDWS.MI,44.95000076293945,44.97999954223633,44.65999984741211,44.65999984741211,2363
2025-08-13,XDWS.MI,44.71500015258789,44.720001220703125,44.46500015258789,44.54999923706055,1732
2025-08-14,XDWS.MI,44.58000183105469,44.7400016784668,44.54999923706055,44.60499954223633,363
2025-08-18,XDWS.MI,44.60499954223633,44.60499954223633,44.39500045776367,44.584999084472656,2375
2025-08-19,XDWS.MI,44.654998779296875,44.94499969482422,44.64500045776367,44.89500045776367,627
2025-08-20,XDWS.MI,45.16999816894531,45.685001373291016,45.05500030517578,45.5099983215332,1338
2025-08-21,XDWS.MI,45.59000015258789,45.59000015258789,45.185001373291016,45.375,2418
2025-08-22,XDWS.MI,45.380001068115234,45.47999954223633,44.8650016784668,44.92499923706055,3320
2025-08-25,XDWS.MI,44.744998931884766,44.810001373291016,44.46500015258789,44.470001220703125,682
2025-08-26,XDWS.MI,44.5,44.54999923706055,44.21500015258789,44.22999954223633,2259
2025-08-27,XDWS.MI,44.3650016784668,44.42499923706055,44.30500030517578,44.30500030517578,1941
2025-08-28,XDWS.MI,44.42499923706055,44.470001220703125,44.01499938964844,44.06999969482422,2956
2025-08-29,XDWS.MI,44.10499954223633,44.25,44.025001525878906,44.064998626708984,2402
2025-09-01,XDWS.MI,44.165000915527344,44.27000045776367,44.15999984741211,44.27000045776367,4123
2025-09-02,XDWS.MI,44.11000061035156,44.36000061035156,44.06999969482422,44.244998931884766,4547
2025-09-03,XDWS.MI,44.32500076293945,44.32500076293945,44.08000183105469,44.17499923706055,778
2025-09-04,XDWS.MI,44.435001373291016,44.72999954223633,44.435001373291016,44.55500030517578,1760
2025-09-05,XDWS.MI,44.48500061035156,44.48500061035156,44.14500045776367,44.375,2385
2025-09-08,XDWS.MI,44.400001525878906,44.400001525878906,44.07500076293945,44.07500076293945,2017
2025-09-09,XDWS.MI,44.16999816894531,44.2400016784668,44.09000015258789,44.17499923706055,2261
2025-09-10,XDWS.MI,44.375,44.375,43.81999969482422,43.880001068115234,1744
2025-09-11,XDWS.MI,44.064998626708984,44.22999954223633,43.91999816894531,44.22999954223633,2640
2025-09-12,XDWS.MI,44.099998474121094,44.21500015258789,44.064998626708984,44.09000015258789,1274
2025-09-15,XDWS.MI,44.06999969482422,44.165000915527344,43.775001525878906,43.775001525878906,2303
2025-09-16,XDWS.MI,43.54999923706055,43.54999923706055,43.29999923706055,43.31999969482422,7065
2025-09-17,XDWS.MI,43.3849983215332,43.69499969482422,43.345001220703125,43.69499969482422,3775
2025-09-18,XDWS.MI,43.775001525878906,43.775001525878906,43.54499816894531,43.58000183105469,893
2025-09-19,XDWS.MI,43.44499969482422,43.61000061035156,43.349998474121094,43.38999938964844,3451
2025-09-22,XDWS.MI,43.435001373291016,43.435001373291016,43.01499938964844,43.01499938964844,2990
2025-09-23,XDWS.MI,42.94499969482422,43.02000045776367,42.7599983215332,42.79499816894531,5453
2025-09-24,XDWS.MI,42.970001220703125,43.21500015258789,42.95500183105469,43.150001525878906,4885
2025-09-25,XDWS.MI,43.099998474121094,43.45000076293945,43.099998474121094,43.18000030517578,5442
2025-09-26,XDWS.MI,43.13999938964844,43.244998931884766,42.9900016784668,42.9900016784668,1831
2025-09-29,XDWS.MI,42.9900016784668,43.09000015258789,42.869998931884766,42.935001373291016,22304
2025-09-30,XDWS.MI,42.974998474121094,43.150001525878906,42.81999969482422,43.150001525878906,4948
2025-10-01,XDWS.MI,43.02000045776367,43.244998931884766,42.94499969482422,43.040000915527344,3323
2025-10-02,XDWS.MI,43.064998626708984,43.130001068115234,42.97999954223633,43.060001373291016,23981
2025-10-03,XDWS.MI,42.994998931884766,43.064998626708984,42.939998626708984,42.96500015258789,1338
2025-10-06,XDWS.MI,43.064998626708984,43.21500015258789,42.80500030517578,42.81999969482422,4735
2025-10-07,XDWS.MI,42.91999816894531,43.1349983215332,42.88999938964844,43.1349983215332,3215
2025-10-08,XDWS.MI,43.415000915527344,43.45500183105469,43.21500015258789,43.35499954223633,1405
2025-10-09,XDWS.MI,43.39500045776367,43.52000045776367,43.36000061035156,43.474998474121094,6256
2025-10-10,XDWS.MI,43.54499816894531,43.904998779296875,43.54499816894531,43.64500045776367,4493
2025-10-13,XDWS.MI,43.63999938964844,43.63999938964844,43.400001525878906,43.494998931884766,8123
2025-10-14,XDWS.MI,43.54999923706055,43.83000183105469,43.5099983215332,43.7400016784668,6056
2025-10-15,XDWS.MI,44.029998779296875,44.244998931884766,43.8650016784668,44.084999084472656,22578
2025-10-16,XDWS.MI,44.3650016784668,44.439998626708984,44.275001525878906,44.3849983215332,4137
2025-10-17,XDWS.MI,43.91999816894531,44.69499969482422,43.91999816894531,44.69499969482422,2978
2025-10-20,XDWS.MI,44.7599983215332,44.814998626708984,44.65999984741211,44.65999984741211,24668
2025-10-21,XDWS.MI,44.77000045776367,45.04999923706055,44.630001068115234,44.630001068115234,2904
2025-10-22,XDWS.MI,44.61000061035156,44.95500183105469,44.55500030517578,44.939998626708984,1846
2025-10-23,XDWS.MI,44.89500045776367,44.959999084472656,44.619998931884766,44.63999938964844,4394
2025-10-27,XDWS.MI,44.619998931884766,44.619998931884766,44.29999923706055,44.345001220703125,1439
2025-10-28,XDWS.MI,44.35499954223633,44.35499954223633,44.04999923706055,44.10499954223633,6662
2025-10-29,XDWS.MI,43.90999984741211,43.90999984741211,43.3849983215332,43.42499923706055,3410
2025-10-30,XDWS.MI,43.44499969482422,43.54999923706055,43.310001373291016,43.529998779296875,2357
2025-10-31,XDWS.MI,43.41999816894531,43.41999816894531,43.20000076293945,43.33000183105469,14211
2025-11-03,XDWS.MI,43.470001220703125,43.5099983215332,43.21500015258789,43.255001068115234,4202
2025-11-04,XDWS.MI,43.220001220703125,43.57500076293945,43.220001220703125,43.51499938964844,8649
2025-11-05,XDWS.MI,43.64500045776367,43.69499969482422,43.599998474121094,43.619998931884766,2434
2025-11-06,XDWS.MI,43.52000045776367,43.540000915527344,43.2599983215332,43.3849983215332,2381
2025-11-07,XDWS.MI,43.44499969482422,43.73500061035156,43.279998779296875,43.68000030517578,2075
2025-11-10,XDWS.MI,43.75,43.75,43.44499969482422,43.525001525878906,1242
2025-11-11,XDWS.MI,43.77000045776367,44.0,43.69499969482422,43.994998931884766,14602
2025-11-12,XDWS.MI,44.34000015258789,44.34000015258789,44.095001220703125,44.209999084472656,3746
2025-11-13,XDWS.MI,44.099998474121094,44.1349983215332,43.8849983215332,43.915000915527344,9302
2025-11-14,XDWS.MI,43.959999084472656,44.005001068115234,43.619998931884766,43.67499923706055,5090
2025-11-17,XDWS.MI,43.849998474121094,43.904998779296875,43.72999954223633,43.76499938964844,3583
2025-11-18,XDWS.MI,43.56999969482422,43.73500061035156,43.56999969482422,43.60499954223633,4085
2025-11-19,XDWS.MI,43.689998626708984,43.76499938964844,43.470001220703125,43.470001220703125,2220
2025-11-20,XDWS.MI,43.64500045776367,44.0099983215332,43.54999923706055,43.915000915527344,3728
2025-11-21,XDWS.MI,43.95500183105469,44.665000915527344,43.95500183105469,44.439998626708984,3333
2025-11-24,XDWS.MI,44.41999816894531,44.45500183105469,44.040000915527344,44.064998626708984,1154
2025-11-25,XDWS.MI,44.0,44.29499816894531,43.880001068115234,44.209999084472656,1977
2025-11-26,XDWS.MI,44.31999969482422,44.630001068115234,44.310001373291016,44.59000015258789,1914
2025-11-27,XDWS.MI,44.67499923706055,44.67499923706055,44.53499984741211,44.53499984741211,704
2025-11-28,XDWS.MI,44.7599983215332,44.95500183105469,44.66999816894531,44.744998931884766,12061
2025-12-01,XDWS.MI,44.869998931884766,44.869998931884766,44.650001525878906,44.81999969482422,21480
2025-12-02,XDWS.MI,44.83000183105469,44.869998931884766,44.33000183105469,44.35499954223633,3983
2025-12-03,XDWS.MI,44.43000030517578,44.63999938964844,44.310001373291016,44.3650016784668,1824
2025-12-04,XDWS.MI,44.32500076293945,44.3650016784668,44.01499938964844,44.040000915527344,1927
2025-12-05,XDWS.MI,44.10499954223633,44.314998626708984,44.084999084472656,44.310001373291016,2498
2025-12-08,XDWS.MI,44.04499816894531,44.064998626708984,43.68000030517578,43.79499816894531,1317
2025-12-09,XDWS.MI,43.875,43.95500183105469,43.654998779296875,43.790000915527344,6293
2025-12-10,XDWS.MI,43.814998626708984,43.970001220703125,43.79999923706055,43.904998779296875,4188
2025-12-11,XDWS.MI,43.69499969482422,43.8650016784668,43.6349983215332,43.8650016784668,1813
2025-12-12,XDWS.MI,43.86000061035156,43.92499923706055,43.810001373291016,43.85499954223633,3168
2025-12-15,XDWS.MI,44.09000015258789,44.290000915527344,44.084999084472656,44.18000030517578,2144
2025-12-16,XDWS.MI,44.220001220703125,44.25,43.90999984741211,44.084999084472656,2042
2025-12-17,XDWS.MI,44.244998931884766,44.334999084472656,44.185001373291016,44.334999084472656,5287
2025-12-18,XDWS.MI,44.29999923706055,44.474998474121094,44.130001068115234,44.3849983215332,1769
2025-12-19,XDWS.MI,44.224998474121094,44.2400016784668,44.08000183105469,44.154998779296875,2209
2025-12-22,XDWS.MI,44.1349983215332,44.1349983215332,43.70000076293945,43.75,2295
2025-12-23,XDWS.MI,43.65999984741211,43.71500015258789,43.505001068115234,43.595001220703125,2425
2025-12-29,XDWS.MI,43.79999923706055,43.974998474121094,43.70500183105469,43.904998779296875,3351
2025-12-30,XDWS.MI,43.84000015258789,43.915000915527344,43.834999084472656,43.904998779296875,987
2026-01-02,XDWS.MI,43.849998474121094,43.849998474121094,43.650001525878906,43.73500061035156,1676
2026-01-05,XDWS.MI,43.70000076293945,43.72999954223633,43.31999969482422,43.505001068115234,7813
2026-01-06,XDWS.MI,43.4900016784668,43.70000076293945,43.44499969482422,43.625,614
2026-01-07,XDWS.MI,43.630001068115234,43.68000030517578,43.16999816894531,43.334999084472656,9205
2026-01-08,XDWS.MI,43.22999954223633,43.92499923706055,43.150001525878906,43.92499923706055,7902
2026-01-09,XDWS.MI,44.0,44.32500076293945,43.95000076293945,44.32500076293945,1996
2026-01-12,XDWS.MI,44.46500015258789,44.77000045776367,44.404998779296875,44.7599983215332,6104
2026-01-13,XDWS.MI,44.85499954223633,45.09000015258789,44.7400016784668,45.040000915527344,3581
2026-01-14,XDWS.MI,45.18000030517578,45.584999084472656,45.119998931884766,45.584999084472656,9920
2026-01-15,XDWS.MI,45.75,45.875,45.70500183105469,45.8650016784668,5276
2026-01-16,XDWS.MI,45.7599983215332,45.76499938964844,45.474998474121094,45.584999084472656,3262
2026-01-19,XDWS.MI,45.650001525878906,45.720001220703125,45.470001220703125,45.595001220703125,4934
2026-01-20,XDWS.MI,45.20500183105469,45.470001220703125,45.0099983215332,45.150001525878906,5625
2026-01-21,XDWS.MI,45.30500030517578,45.415000915527344,45.064998626708984,45.13999938964844,5628
2026-01-22,XDWS.MI,45.42499923706055,45.529998779296875,45.31999969482422,45.349998474121094,1268
2026-01-23,XDWS.MI,45.349998474121094,45.349998474121094,45.220001220703125,45.27000045776367,3007
2026-01-26,XDWS.MI,45.290000915527344,45.375,45.09000015258789,45.15999984741211,79381
2026-01-27,XDWS.MI,45.189998626708984,45.189998626708984,44.70000076293945,44.77000045776367,34084
2026-01-28,XDWS.MI,44.77000045776367,45.01499938964844,44.724998474121094,44.95500183105469,1275
2026-01-29,XDWS.MI,44.76499938964844,45.125,44.72999954223633,45.029998779296875,2026
2026-01-30,XDWS.MI,44.845001220703125,45.2599983215332,44.84000015258789,45.2599983215332,5641
2026-02-02,XDWS.MI,45.814998626708984,46.220001220703125,45.814998626708984,46.220001220703125,4847
2026-02-03,XDWS.MI,46.47999954223633,47.20000076293945,46.404998779296875,47.20000076293945,9954
2026-02-04,XDWS.MI,47.29999923706055,47.96500015258789,47.099998474121094,47.935001373291016,11405
2026-02-05,XDWS.MI,47.85499954223633,48.244998931884766,47.85499954223633,48.025001525878906,10296
2026-02-06,XDWS.MI,48.165000915527344,48.40999984741211,47.900001525878906,48.380001068115234,7211
2026-02-09,XDWS.MI,48.34000015258789,48.345001220703125,47.814998626708984,47.845001220703125,4123
2026-02-10,XDWS.MI,47.96500015258789,47.994998931884766,47.625,47.790000915527344,15095
2026-02-11,XDWS.MI,47.89500045776367,48.474998474121094,47.79999923706055,48.43000030517578,13501
2026-02-12,XDWS.MI,48.57500076293945,49.32500076293945,48.39500045776367,49.32500076293945,22278
2026-02-13,XDWS.MI,49.08000183105469,49.35499954223633,48.94499969482422,49.29999923706055,10374
2026-02-16,XDWS.MI,49.154998779296875,49.29499816894531,49.060001373291016,49.29499816894531,3445
2026-02-17,XDWS.MI,49.30500030517578,49.400001525878906,48.65999984741211,48.65999984741211,11348
2026-02-18,XDWS.MI,48.83000183105469,48.83000183105469,48.6150016784668,48.619998931884766,7992
2026-02-19,XDWS.MI,48.69499969482422,49.13999938964844,48.47999954223633,48.775001525878906,5055
2026-02-20,XDWS.MI,48.790000915527344,48.79999923706055,48.540000915527344,48.56999969482422,4047
2026-02-23,XDWS.MI,48.64500045776367,49.1349983215332,48.5099983215332,49.064998626708984,29114
2026-02-24,XDWS.MI,49.349998474121094,49.65999984741211,49.29499816894531,49.540000915527344,13948
2026-02-25,XDWS.MI,49.474998474121094,49.61000061035156,49.0,49.220001220703125,10683
2026-02-26,XDWS.MI,49.185001373291016,49.32500076293945,49.084999084472656,49.084999084472656,12362
2026-02-27,XDWS.MI,48.970001220703125,49.529998779296875,48.95000076293945,49.529998779296875,10874
2026-03-02,XDWS.MI,49.64500045776367,49.689998626708984,49.38999938964844,49.38999938964844,9705
2026-03-03,XDWS.MI,49.20000076293945,49.21500015258789,48.595001220703125,48.595001220703125,8677
2026-03-04,XDWS.MI,48.90999984741211,48.90999984741211,48.48500061035156,48.505001068115234,12792
2026-03-05,XDWS.MI,48.4900016784668,48.53499984741211,47.73500061035156,47.80500030517578,5920
2026-03-09,XDWS.MI,47.34000015258789,47.69499969482422,47.334999084472656,47.60499954223633,10726
2026-03-10,XDWS.MI,47.77000045776367,47.80500030517578,47.47999954223633,47.779998779296875,3645
2026-03-11,XDWS.MI,47.724998474121094,47.7599983215332,47.18000030517578,47.400001525878906,3839
2026-03-12,XDWS.MI,47.28499984741211,47.720001220703125,47.26499938964844,47.58000183105469,3375
2026-03-13,XDWS.MI,47.58000183105469,48.16999816894531,47.58000183105469,48.16999816894531,3034
2026-03-16,XDWS.MI,48.29999923706055,48.29999923706055,48.060001373291016,48.1150016784668,6114
2026-03-17,XDWS.MI,47.994998931884766,48.224998474121094,47.994998931884766,48.13999938964844,1750
2026-03-18,XDWS.MI,47.88999938964844,47.88999938964844,46.89500045776367,47.02000045776367,15451
2026-03-19,XDWS.MI,46.779998779296875,46.779998779296875,46.125,46.19499969482422,2738
2026-03-20,XDWS.MI,46.095001220703125,46.23500061035156,45.75,45.75,17335
2026-03-23,XDWS.MI,45.400001525878906,46.2599983215332,45.38999938964844,45.6150016784668,2866
2026-03-24,XDWS.MI,45.68000030517578,46.06999969482422,45.54499816894531,46.005001068115234,1969
2026-03-25,XDWS.MI,45.95000076293945,46.0099983215332,45.81999969482422,46.0099983215332,5890
2026-03-26,XDWS.MI,46.09000015258789,46.39500045776367,45.9900016784668,46.13999938964844,6666
2026-03-27,XDWS.MI,46.040000915527344,46.29499816894531,45.84000015258789,46.255001068115234,14857
2026-03-30,XDWS.MI,46.35499954223633,46.9900016784668,46.349998474121094,46.93000030517578,6492
2026-03-31,XDWS.MI,46.94499969482422,47.04499816894531,46.154998779296875,46.224998474121094,10695
2026-04-01,XDWS.MI,46.51499938964844,46.564998626708984,45.90999984741211,46.119998931884766,7341
2026-04-02,XDWS.MI,46.290000915527344,46.529998779296875,46.2400016784668,46.46500015258789,6048
2026-04-07,XDWS.MI,46.88999938964844,46.91999816894531,46.21500015258789,46.21500015258789,7693
2026-04-08,XDWS.MI,46.43000030517578,46.5,45.900001525878906,46.5,3230
2026-04-09,XDWS.MI,46.77000045776367,46.77000045776367,46.400001525878906,46.68000030517578,4743
2026-04-10,XDWS.MI,46.82500076293945,46.88999938964844,46.29499816894531,46.29499816894531,28025
2026-04-13,XDWS.MI,46.244998931884766,46.279998779296875,45.78499984741211,45.78499984741211,3517
2026-04-14,XDWS.MI,45.685001373291016,45.685001373291016,45.32500076293945,45.4900016784668,5389
2026-04-15,XDWS.MI,45.599998474121094,45.6150016784668,45.17499923706055,45.25,7238
2026-04-16,XDWS.MI,45.375,45.709999084472656,45.26499938964844,45.470001220703125,5723
2026-04-17,XDWS.MI,45.505001068115234,45.7400016784668,45.29999923706055,45.7400016784668,4209
2026-04-20,XDWS.MI,45.994998931884766,46.18000030517578,45.88999938964844,46.0099983215332,19055
2026-04-21,XDWS.MI,45.84000015258789,45.9900016784668,45.55500030517578,45.67499923706055,12988
2026-04-22,XDWS.MI,45.73500061035156,45.974998474121094,45.61000061035156,45.92499923706055,2898
2026-04-23,XDWS.MI,46.02000045776367,46.63999938964844,46.02000045776367,46.540000915527344,17429
2026-04-24,XDWS.MI,46.75,46.900001525878906,46.60499954223633,46.70500183105469,16125
2026-04-27,XDWS.MI,46.540000915527344,46.540000915527344,46.244998931884766,46.244998931884766,5151
2026-04-28,XDWS.MI,46.30500030517578,46.79999923706055,46.26499938964844,46.724998474121094,8741
2026-04-29,XDWS.MI,46.494998931884766,46.494998931884766,46.150001525878906,46.244998931884766,3856
2026-04-30,XDWS.MI,46.189998626708984,46.9900016784668,46.1349983215332,46.875,28734
2026-05-04,XDWS.MI,46.959999084472656,47.07500076293945,46.64500045776367,46.869998931884766,20882
2026-05-05,XDWS.MI,46.869998931884766,46.869998931884766,46.64500045776367,46.720001220703125,6225
2026-05-06,XDWS.MI,47.01499938964844,47.14500045776367,46.834999084472656,46.880001068115234,17755
2026-05-07,XDWS.MI,47.06999969482422,47.06999969482422,46.404998779296875,46.56999969482422,11619
2026-05-08,XDWS.MI,46.790000915527344,46.85499954223633,46.60499954223633,46.790000915527344,3389
2026-05-11,XDWS.MI,46.63999938964844,46.689998626708984,46.13999938964844,46.13999938964844,22383
2026-05-12,XDWS.MI,46.209999084472656,47.025001525878906,46.209999084472656,47.0,8464
2026-05-13,XDWS.MI,46.900001525878906,47.474998474121094,46.814998626708984,47.064998626708984,9675
2026-05-14,XDWS.MI,47.209999084472656,47.564998626708984,47.150001525878906,47.564998626708984,7207
2026-05-15,XDWS.MI,47.72999954223633,47.84000015258789,47.619998931884766,47.619998931884766,9759
2026-05-18,XDWS.MI,47.58000183105469,48.0099983215332,47.43000030517578,47.845001220703125,6835
2026-05-19,XDWS.MI,48.244998931884766,48.72999954223633,48.17499923706055,48.6150016784668,29344
2026-05-20,XDWS.MI,48.375,48.459999084472656,47.98500061035156,48.32500076293945,8657
2026-05-21,XDWS.MI,48.125,48.154998779296875,47.400001525878906,47.51499938964844,14244
2026-05-22,XDWS.MI,47.65999984741211,47.790000915527344,47.5099983215332,47.58000183105469,4101
2026-05-25,XDWS.MI,47.82500076293945,47.8849983215332,47.625,47.724998474121094,7558
2026-05-26,XDWS.MI,47.654998779296875,47.654998779296875,47.03499984741211,47.03499984741211,5065
2026-05-27,XDWS.MI,46.88999938964844,47.51499938964844,46.88999938964844,47.51499938964844,9076
2026-05-28,XDWS.MI,47.5099983215332,47.5099983215332,47.01499938964844,47.01499938964844,5470
2026-05-29,XDWS.MI,46.95500183105469,47.099998474121094,46.06999969482422,46.06999969482422,12814
2026-06-01,XDWS.MI,46.025001525878906,46.14500045776367,45.625,45.625,7746
2026-06-02,XDWS.MI,45.709999084472656,45.709999084472656,45.470001220703125,45.525001525878906,2654
2026-06-03,XDWS.MI,45.70500183105469,46.130001068115234,45.630001068115234,45.970001220703125,3820
2026-06-04,XDWS.MI,46.22999954223633,46.44499969482422,45.84000015258789,45.86000061035156,20181
2026-06-05,XDWS.MI,45.875,46.7400016784668,45.77000045776367,46.709999084472656,86068
2026-06-08,XDWS.MI,46.755001068115234,46.779998779296875,46.435001373291016,46.650001525878906,19201
2026-06-09,XDWS.MI,46.4900016784668,47.02000045776367,46.48500061035156,47.02000045776367,14841
2026-06-10,XDWS.MI,47.11000061035156,47.810001373291016,47.11000061035156,47.755001068115234,24871
2026-06-11,XDWS.MI,47.790000915527344,48.11000061035156,47.790000915527344,47.92499923706055,11340
2026-06-12,XDWS.MI,47.584999084472656,47.8650016784668,47.584999084472656,47.71500015258789,10310
2026-06-15,XDWS.MI,47.83000183105469,47.83000183105469,47.43000030517578,47.564998626708984,56651
2026-06-16,XDWS.MI,47.619998931884766,48.03499984741211,47.470001220703125,47.84000015258789,11822
2026-06-17,XDWS.MI,47.6349983215332,47.685001373291016,47.279998779296875,47.32500076293945,4150
2026-06-18,XDWS.MI,47.27000045776367,47.27000045776367,47.08000183105469,47.224998474121094,55273
2026-06-19,XDWS.MI,47.275001525878906,47.275001525878906,47.01499938964844,47.03499984741211,20262
2026-06-22,XDWS.MI,47.13999938964844,47.31999969482422,46.939998626708984,47.290000915527344,2457
2026-06-23,XDWS.MI,47.21500015258789,48.0,47.18000030517578,47.94499969482422,9649
2026-06-24,XDWS.MI,48.0099983215332,48.665000915527344,48.0099983215332,48.65999984741211,30344
2026-06-25,XDWS.MI,48.439998626708984,48.689998626708984,48.36000061035156,48.41999816894531,3189
2026-06-26,XDWS.MI,48.5,48.71500015258789,48.27000045776367,48.665000915527344,7935
2026-06-29,XDWS.MI,48.494998931884766,48.67499923706055,48.36000061035156,48.38999938964844,1901
2026-06-30,XDWS.MI,48.3650016784668,48.380001068115234,47.75,47.76499938964844,7040
2026-07-01,XDWS.MI,47.7400016784668,47.810001373291016,47.459999084472656,47.56999969482422,30811
2026-07-02,XDWS.MI,47.8849983215332,48.4900016784668,47.779998779296875,48.4900016784668,6945
2026-07-03,XDWS.MI,48.404998779296875,48.46500015258789,48.11000061035156,48.459999084472656,16784
2026-07-06,XDWS.MI,48.6150016784668,48.68000030517578,47.880001068115234,47.880001068115234,7503
2026-07-07,XDWS.MI,48.45000076293945,49.25,48.255001068115234,48.86000061035156,8474
2026-07-08,XDWS.MI,48.755001068115234,48.9900016784668,48.5,48.75,3215
2026-07-09,XDWS.MI,48.2599983215332,48.349998474121094,47.73500061035156,47.875,3619
2026-07-10,XDWS.MI,47.79999923706055,48.099998474121094,47.71500015258789,47.994998931884766,2281
2026-07-13,XDWS.MI,48.39500045776367,48.665000915527344,48.04999923706055,48.21500015258789,16900
2026-07-14,XDWS.MI,48.255001068115234,48.275001525878906,47.90999984741211,47.90999984741211,3167
2026-07-15,XDWS.MI,47.599998474121094,48.060001373291016,47.599998474121094,47.96500015258789,2568
2026-07-16,XDWS.MI,47.72999954223633,48.63999938964844,47.68000030517578,48.63999938964844,2493
2026-07-17,XDWS.MI,49.415000915527344,49.689998626708984,49.125,49.165000915527344,9398
2026-07-20,XDWS.MI,48.75,48.939998626708984,48.665000915527344,48.68000030517578,2847
2026-07-21,XDWS.MI,48.42499923706055,48.5,48.224998474121094,48.23500061035156,12065
2026-07-22,XDWS.MI,48.19499969482422,48.619998931884766,48.18000030517578,48.33000183105469,5811
2026-07-23,XDWS.MI,48.185001373291016,48.209999084472656,47.54999923706055,47.650001525878906,2227
2026-07-24,XDWS.MI,47.67499923706055,48.220001220703125,47.650001525878906,48.14500045776367,5211
2026-07-27,XDWS.MI,48.119998931884766,48.810001373291016,47.97999954223633,48.744998931884766,3703
2026-07-28,XDWS.MI,49.14500045776367,50.599998474121094,49.14500045776367,50.11000061035156,9494
